1|29/9/1962|41 89 80 62 45|317|0 0 0 0 0|0
2|6/10/1962|79 88 25 26 47|265|0 0 0 0 0|0
3|13/10/1962|19 86 62 46 48|261|0 0 0 0 0|0
4|20/10/1962|23 20 90 4 63|200|0 0 0 0 0|0
5|27/10/1962|71 82 12 53 86|304|0 0 0 0 0|0
6|3/11/1962|28 84 50 48 52|262|0 0 0 0 0|0
7|10/11/1962|31 37 78 24 7|177|0 0 0 0 0|0
8|17/11/1962|37 71 90 13 18|229|0 0 0 0 0|0
9|24/11/1962|80 40 76 66 8|270|0 0 0 0 0|0
10|1/12/1962|43 90 51 61 8|253|0 0 0 0 0|0
11|8/12/1962|46 53 90 12 19|220|0 0 0 0 0|0
12|15/12/1962|2 44 34 9 41|130|0 0 0 0 0|0
13|22/12/1962|36 58 5 30 10|139|0 0 0 0 0|0
14|29/12/1962|89 18 66 44 46|263|0 0 0 0 0|0
15|5/1/1963|41 48 45 70 31|235|0 0 0 0 0|0
16|12/1/1963|9 55 43 80 33|220|0 0 0 0 0|0
17|19/1/1963|62 28 10 52 85|237|0 0 0 0 0|0
18|26/1/1963|88 84 28 89 2|291|0 0 0 0 0|0
19|2/2/1963|42 26 76 61 39|244|0 0 0 0 0|0
20|9/2/1963|77 41 32 79 8|237|0 0 0 0 0|0
21|16/2/1963|42 70 71 9 74|266|0 0 0 0 0|0
22|23/2/1963|34 39 48 22 69|212|0 0 0 0 0|0
23|2/3/1963|75 52 27 1 12|167|0 0 0 0 0|0
24|9/3/1963|36 51 46 23 38|194|0 0 0 0 0|0
25|16/3/1963|70 45 48 46 63|272|0 0 0 0 0|0
26|23/3/1963|27 12 29 42 17|127|0 0 0 0 0|0
27|30/3/1963|38 50 64 59 35|246|0 0 0 0 0|0
28|6/4/1963|44 72 76 26 2|220|0 0 0 0 0|0
29|13/4/1963|39 3 5 43 4|94|0 0 0 0 0|0
30|20/4/1963|22 62 72 87 7|250|0 0 0 0 0|0
31|27/4/1963|71 5 11 62 53|202|0 0 0 0 0|0
32|4/5/1963|27 64 3 62 50|206|0 0 0 0 0|0
33|11/5/1963|37 71 28 73 24|233|0 0 0 0 0|0
34|18/5/1963|51 47 79 1 62|240|0 0 0 0 0|0
35|25/5/1963|28 24 27 22 44|145|0 0 0 0 0|0
36|1/6/1963|6 2 62 33 1|104|0 0 0 0 0|0
37|8/6/1963|77 17 55 38 85|272|0 0 0 0 0|0
38|15/6/1963|54 48 2 35 18|157|0 0 0 0 0|0
39|22/6/1963|89 23 1 20 3|136|0 0 0 0 0|0
40|29/6/1963|63 51 11 18 54|197|0 0 0 0 0|0
41|6/7/1963|15 78 87 10 69|259|0 0 0 0 0|0
42|13/7/1963|30 48 33 10 19|140|0 0 0 0 0|0
43|20/7/1963|43 56 35 46 48|228|0 0 0 0 0|0
44|27/7/1963|59 61 52 12 27|211|0 0 0 0 0|0
45|3/8/1963|36 56 15 54 43|204|0 0 0 0 0|0
46|10/8/1963|49 90 6 53 80|278|0 0 0 0 0|0
47|17/8/1963|82 30 65 90 56|323|0 0 0 0 0|0
48|24/8/1963|73 75 53 43 41|285|0 0 0 0 0|0
49|31/8/1963|16 87 85 75 53|316|0 0 0 0 0|0
50|7/9/1963|29 13 36 21 55|154|0 0 0 0 0|0
51|14/9/1963|12 35 40 86 77|250|0 0 0 0 0|0
52|21/9/1963|67 66 52 71 12|268|0 0 0 0 0|0
53|28/9/1963|20 18 85 60 12|195|0 0 0 0 0|0
54|5/10/1963|89 54 37 68 22|270|0 0 0 0 0|0
55|12/10/1963|23 47 50 60 20|200|0 0 0 0 0|0
56|19/10/1963|22 61 34 81 74|272|0 0 0 0 0|0
57|26/10/1963|26 30 76 6 56|194|0 0 0 0 0|0
58|2/11/1963|70 34 69 23 32|228|0 0 0 0 0|0
59|9/11/1963|57 18 24 62 16|177|0 0 0 0 0|0
60|16/11/1963|69 88 86 5 34|282|0 0 0 0 0|0
61|23/11/1963|43 24 6 47 15|135|0 0 0 0 0|0
62|30/11/1963|48 13 17 19 65|162|0 0 0 0 0|0
63|7/12/1963|16 51 2 4 74|147|0 0 0 0 0|0
64|14/12/1963|14 40 2 3 10|69|0 0 0 0 0|0
65|21/12/1963|67 30 12 43 44|196|0 0 0 0 0|0
66|28/12/1963|43 75 58 46 82|304|0 0 0 0 0|0
67|4/1/1964|65 8 56 39 90|258|0 0 0 0 0|0
67|4/1/1964|65 8 56 39 90|258|0 0 0 0 0|0
68|11/1/1964|78 80 46 9 41|254|0 0 0 0 0|0
68|11/1/1964|78 80 46 9 41|254|0 0 0 0 0|0
69|18/1/1964|48 15 1 16 44|124|0 0 0 0 0|0
69|18/1/1964|48 15 1 16 44|124|0 0 0 0 0|0
70|25/1/1964|64 70 83 56 75|348|0 0 0 0 0|0
70|25/1/1964|64 70 83 56 75|348|0 0 0 0 0|0
71|1/2/1964|71 44 45 25 57|242|0 0 0 0 0|0
71|1/2/1964|71 44 45 25 57|242|0 0 0 0 0|0
72|8/2/1964|61 28 54 21 12|176|0 0 0 0 0|0
72|8/2/1964|61 28 54 21 12|176|0 0 0 0 0|0
73|15/2/1964|29 87 85 65 64|330|0 0 0 0 0|0
73|15/2/1964|29 87 85 65 64|330|0 0 0 0 0|0
74|22/2/1964|87 59 83 30 38|297|0 0 0 0 0|0
74|22/2/1964|87 59 83 30 38|297|0 0 0 0 0|0
75|29/2/1964|71 1 73 4 68|217|0 0 0 0 0|0
75|29/2/1964|71 1 73 4 68|217|0 0 0 0 0|0
76|7/3/1964|44 54 28 50 2|178|0 0 0 0 0|0
76|7/3/1964|44 54 28 50 2|178|0 0 0 0 0|0
77|14/3/1964|74 45 43 61 22|245|0 0 0 0 0|0
77|14/3/1964|74 45 43 61 22|245|0 0 0 0 0|0
78|21/3/1964|82 90 32 27 60|291|0 0 0 0 0|0
78|21/3/1964|82 90 32 27 60|291|0 0 0 0 0|0
79|28/3/1964|73 56 25 1 75|230|0 0 0 0 0|0
79|28/3/1964|73 56 25 1 75|230|0 0 0 0 0|0
80|4/4/1964|26 87 55 47 16|231|0 0 0 0 0|0
80|4/4/1964|26 87 55 47 16|231|0 0 0 0 0|0
81|11/4/1964|50 28 61 40 62|241|0 0 0 0 0|0
81|11/4/1964|50 28 61 40 62|241|0 0 0 0 0|0
82|18/4/1964|63 29 28 38 83|241|0 0 0 0 0|0
82|18/4/1964|63 29 28 38 83|241|0 0 0 0 0|0
83|25/4/1964|62 34 30 46 27|199|0 0 0 0 0|0
83|25/4/1964|62 34 30 46 27|199|0 0 0 0 0|0
84|2/5/1964|11 88 21 46 73|239|0 0 0 0 0|0
84|2/5/1964|11 88 21 46 73|239|0 0 0 0 0|0
85|9/5/1964|32 15 71 86 13|217|0 0 0 0 0|0
85|9/5/1964|32 15 71 86 13|217|0 0 0 0 0|0
86|16/5/1964|11 59 69 90 31|260|0 0 0 0 0|0
86|16/5/1964|11 59 69 90 31|260|0 0 0 0 0|0
87|23/5/1964|74 90 83 68 53|368|0 0 0 0 0|0
87|23/5/1964|74 90 83 68 53|368|0 0 0 0 0|0
88|30/5/1964|7 76 31 34 3|151|0 0 0 0 0|0
88|30/5/1964|7 76 31 34 3|151|0 0 0 0 0|0
89|6/6/1964|43 85 31 36 69|264|0 0 0 0 0|0
89|6/6/1964|43 85 31 36 69|264|0 0 0 0 0|0
90|13/6/1964|77 38 23 32 35|205|0 0 0 0 0|0
90|13/6/1964|77 38 23 32 35|205|0 0 0 0 0|0
91|20/6/1964|39 42 20 88 12|201|0 0 0 0 0|0
91|20/6/1964|39 42 20 88 12|201|0 0 0 0 0|0
92|27/6/1964|83 25 34 85 27|254|0 0 0 0 0|0
92|27/6/1964|83 25 34 85 27|254|0 0 0 0 0|0
93|4/7/1964|40 74 67 41 66|288|0 0 0 0 0|0
93|4/7/1964|40 74 67 41 66|288|0 0 0 0 0|0
94|11/7/1964|72 68 36 53 71|300|0 0 0 0 0|0
94|11/7/1964|72 68 36 53 71|300|0 0 0 0 0|0
95|18/7/1964|76 36 5 79 60|256|0 0 0 0 0|0
95|18/7/1964|76 36 5 79 60|256|0 0 0 0 0|0
96|25/7/1964|65 82 79 81 33|340|0 0 0 0 0|0
96|25/7/1964|65 82 79 81 33|340|0 0 0 0 0|0
97|1/8/1964|14 47 2 22 74|159|0 0 0 0 0|0
97|1/8/1964|14 47 2 22 74|159|0 0 0 0 0|0
98|8/8/1964|17 86 88 24 43|258|0 0 0 0 0|0
98|8/8/1964|17 86 88 24 43|258|0 0 0 0 0|0
99|15/8/1964|44 88 79 20 89|320|0 0 0 0 0|0
99|15/8/1964|44 88 79 20 89|320|0 0 0 0 0|0
100|22/8/1964|85 14 28 62 69|258|0 0 0 0 0|0
100|22/8/1964|85 14 28 62 69|258|0 0 0 0 0|0
101|29/8/1964|5 40 55 74 27|201|0 0 0 0 0|0
101|29/8/1964|5 40 55 74 27|201|0 0 0 0 0|0
102|5/9/1964|44 51 28 21 12|156|0 0 0 0 0|0
102|5/9/1964|44 51 28 21 12|156|0 0 0 0 0|0
103|12/9/1964|9 45 55 49 74|232|0 0 0 0 0|0
103|12/9/1964|9 45 55 49 74|232|0 0 0 0 0|0
104|19/9/1964|64 49 14 25 24|176|0 0 0 0 0|0
104|19/9/1964|64 49 14 25 24|176|0 0 0 0 0|0
105|26/9/1964|13 87 45 53 79|277|0 0 0 0 0|0
105|26/9/1964|13 87 45 53 79|277|0 0 0 0 0|0
106|30/10/1964|22 71 65 42 34|234|0 0 0 0 0|0
106|30/10/1964|22 71 65 42 34|234|0 0 0 0 0|0
107|10/10/1964|89 61 53 51 86|340|0 0 0 0 0|0
107|10/10/1964|89 61 53 51 86|340|0 0 0 0 0|0
108|17/10/1964|56 11 73 25 50|215|0 0 0 0 0|0
108|17/10/1964|56 11 73 25 50|215|0 0 0 0 0|0
109|24/10/1964|63 34 66 78 64|305|0 0 0 0 0|0
109|24/10/1964|63 34 66 78 64|305|0 0 0 0 0|0
110|31/10/1964|82 35 12 16 40|185|0 0 0 0 0|0
110|31/10/1964|82 35 12 16 40|185|0 0 0 0 0|0
111|7/11/1964|26 82 63 90 53|314|0 0 0 0 0|0
111|7/11/1964|26 82 63 90 53|314|0 0 0 0 0|0
112|14/11/1964|39 58 7 34 82|220|0 0 0 0 0|0
112|14/11/1964|39 58 7 34 82|220|0 0 0 0 0|0
113|21/11/1964|4 20 89 24 84|221|0 0 0 0 0|0
113|21/11/1964|4 20 89 24 84|221|0 0 0 0 0|0
114|28/11/1964|76 18 23 44 41|202|0 0 0 0 0|0
114|28/11/1964|76 18 23 44 41|202|0 0 0 0 0|0
115|5/12/1964|63 20 21 89 11|204|0 0 0 0 0|0
115|5/12/1964|63 20 21 89 11|204|0 0 0 0 0|0
116|12/12/1964|26 83 10 90 49|258|0 0 0 0 0|0
116|12/12/1964|26 83 10 90 49|258|0 0 0 0 0|0
117|19/12/1964|45 72 75 14 38|244|0 0 0 0 0|0
117|19/12/1964|45 72 75 14 38|244|0 0 0 0 0|0
118|26/12/1964|52 17 83 84 77|313|0 0 0 0 0|0
118|26/12/1964|52 17 83 84 77|313|0 0 0 0 0|0
119|2/1/1965|80 47 22 69 82|300|0 0 0 0 0|0
120|9/1/1965|41 16 86 21 82|246|0 0 0 0 0|0
121|16/1/1965|58 54 25 80 35|252|0 0 0 0 0|0
122|23/1/1965|5 6 11 7 4|33|0 0 0 0 0|0
123|30/1/1965|6 54 18 31 69|178|0 0 0 0 0|0
124|6/2/1965|33 59 47 85 53|277|0 0 0 0 0|0
125|13/2/1965|57 13 80 83 30|263|0 0 0 0 0|0
126|20/2/1965|32 3 69 48 54|206|0 0 0 0 0|0
127|27/2/1965|77 53 32 13 80|255|0 0 0 0 0|0
128|6/3/1965|8 29 39 15 28|119|0 0 0 0 0|0
129|13/3/1965|81 28 62 87 78|336|0 0 0 0 0|0
130|20/3/1965|66 3 83 75 71|298|0 0 0 0 0|0
131|27/3/1965|82 84 8 9 28|211|0 0 0 0 0|0
132|3/4/1965|84 87 77 44 53|345|0 0 0 0 0|0
133|10/4/1965|9 83 23 38 78|231|0 0 0 0 0|0
134|17/4/1965|36 23 66 14 19|158|0 0 0 0 0|0
135|24/4/1965|8 3 27 12 9|59|0 0 0 0 0|0
136|1/5/1965|44 71 39 26 79|259|0 0 0 0 0|0
137|8/5/1965|60 37 48 66 44|255|0 0 0 0 0|0
138|15/5/1965|44 56 43 75 17|235|0 0 0 0 0|0
139|22/5/1965|74 42 19 81 60|276|0 0 0 0 0|0
140|29/5/1965|43 62 56 54 5|220|0 0 0 0 0|0
141|5/6/1965|47 67 33 36 17|200|0 0 0 0 0|0
142|12/6/1965|3 13 11 52 70|149|0 0 0 0 0|0
143|19/6/1965|18 65 30 79 45|237|0 0 0 0 0|0
144|26/6/1965|16 33 67 49 19|184|0 0 0 0 0|0
145|3/7/1965|23 1 30 24 56|134|0 0 0 0 0|0
146|10/7/1965|41 20 73 27 10|171|0 0 0 0 0|0
147|17/7/1965|49 71 8 67 26|221|0 0 0 0 0|0
148|24/7/1965|9 51 71 22 59|212|0 0 0 0 0|0
149|31/7/1965|57 21 48 41 36|203|0 0 0 0 0|0
150|7/8/1965|4 38 72 84 55|253|0 0 0 0 0|0
151|14/8/1965|58 76 19 52 27|232|0 0 0 0 0|0
152|21/8/1965|19 6 52 26 20|123|0 0 0 0 0|0
153|28/8/1965|66 82 61 85 4|298|0 0 0 0 0|0
154|4/9/1965|26 23 21 29 33|132|0 0 0 0 0|0
155|11/9/1965|43 51 54 89 84|321|0 0 0 0 0|0
156|18/9/1965|5 2 8 32 72|119|0 0 0 0 0|0
157|25/9/1965|77 11 40 64 58|250|0 0 0 0 0|0
158|2/10/1965|80 68 14 19 89|270|0 0 0 0 0|0
159|9/10/1965|15 46 13 55 22|151|0 0 0 0 0|0
160|16/10/1965|74 35 59 52 63|283|0 0 0 0 0|0
161|23/10/1965|18 39 11 30 90|188|0 0 0 0 0|0
162|30/10/1965|32 45 66 20 19|182|0 0 0 0 0|0
163|6/11/1965|72 73 8 21 48|222|0 0 0 0 0|0
164|13/11/1965|72 54 59 79 17|281|0 0 0 0 0|0
165|20/11/1965|53 75 56 51 12|247|0 0 0 0 0|0
166|27/11/1965|33 85 68 56 4|246|0 0 0 0 0|0
167|4/12/1965|1 30 28 26 64|149|0 0 0 0 0|0
168|11/12/1965|85 54 51 35 39|264|0 0 0 0 0|0
169|18/12/1965|39 46 51 61 8|205|0 0 0 0 0|0
170|25/12/1965|15 77 21 82 63|258|0 0 0 0 0|0
171|1/1/1966|21 84 85 20 24|234|0 0 0 0 0|0
172|8/1/1966|73 52 54 30 70|279|0 0 0 0 0|0
173|15/1/1966|10 78 81 71 14|254|0 0 0 0 0|0
174|22/1/1966|67 11 90 59 51|278|0 0 0 0 0|0
175|29/1/1966|63 17 12 87 86|265|0 0 0 0 0|0
176|5/2/1966|28 86 89 36 20|259|0 0 0 0 0|0
177|12/2/1966|89 61 78 21 80|329|0 0 0 0 0|0
178|19/2/1966|6 24 67 86 31|214|0 0 0 0 0|0
179|26/2/1966|57 28 26 22 82|215|0 0 0 0 0|0
180|5/3/1966|45 55 43 19 53|215|0 0 0 0 0|0
181|12/3/1966|57 32 67 90 2|248|0 0 0 0 0|0
182|19/3/1966|5 82 74 66 88|315|0 0 0 0 0|0
183|26/3/1966|61 11 77 23 76|248|0 0 0 0 0|0
184|2/4/1966|30 44 77 4 24|179|0 0 0 0 0|0
185|9/4/1966|13 44 33 51 62|203|0 0 0 0 0|0
186|16/4/1966|31 8 90 48 29|206|0 0 0 0 0|0
187|23/4/1966|72 39 18 62 87|278|0 0 0 0 0|0
188|30/4/1966|74 65 72 7 42|260|0 0 0 0 0|0
189|7/5/1966|51 70 85 56 46|308|0 0 0 0 0|0
190|14/5/1966|85 37 8 84 77|291|0 0 0 0 0|0
191|21/5/1966|61 29 25 21 62|198|0 0 0 0 0|0
192|28/5/1966|73 40 30 82 36|261|0 0 0 0 0|0
193|4/6/1966|85 67 89 83 76|400|0 0 0 0 0|0
194|11/6/1966|61 9 28 54 52|204|0 0 0 0 0|0
195|18/6/1966|3 62 24 69 64|222|0 0 0 0 0|0
196|25/6/1966|86 50 88 32 54|310|0 0 0 0 0|0
197|2/7/1966|78 7 83 64 41|273|0 0 0 0 0|0
198|9/7/1966|11 88 24 82 22|227|0 0 0 0 0|0
199|16/7/1966|69 77 3 20 49|218|0 0 0 0 0|0
200|23/7/1966|89 79 80 39 22|309|0 0 0 0 0|0
201|30/7/1966|72 44 14 51 22|203|0 0 0 0 0|0
202|6/8/1966|25 34 81 58 17|215|0 0 0 0 0|0
203|13/8/1966|9 84 53 60 1|207|0 0 0 0 0|0
204|20/8/1966|82 88 12 37 53|272|0 0 0 0 0|0
205|27/8/1966|70 64 60 9 69|272|0 0 0 0 0|0
206|3/9/1966|85 29 17 82 87|300|0 0 0 0 0|0
207|10/9/1966|36 20 48 39 31|174|0 0 0 0 0|0
208|17/9/1966|65 1 72 81 2|221|0 0 0 0 0|0
209|24/9/1966|72 45 57 69 87|330|0 0 0 0 0|0
210|1/10/1966|76 33 31 80 19|239|0 0 0 0 0|0
211|8/10/1966|34 86 42 62 3|227|0 0 0 0 0|0
212|15/10/1966|68 44 29 16 74|231|0 0 0 0 0|0
213|22/10/1966|46 85 38 90 88|347|0 0 0 0 0|0
214|29/10/1966|2 71 30 77 29|209|0 0 0 0 0|0
215|5/11/1966|36 69 71 65 80|321|0 0 0 0 0|0
216|12/11/1966|48 10 58 18 26|160|0 0 0 0 0|0
217|19/11/1966|5 26 40 29 13|113|0 0 0 0 0|0
218|26/11/1966|18 54 89 39 66|266|0 0 0 0 0|0
219|3/12/1966|89 87 17 46 45|284|0 0 0 0 0|0
220|10/12/1966|30 13 76 90 78|287|0 0 0 0 0|0
221|17/12/1966|4 48 38 26 18|134|0 0 0 0 0|0
222|24/12/1966|22 43 34 32 6|137|0 0 0 0 0|0
223|31/12/1966|31 30 12 18 66|157|0 0 0 0 0|0
224|7/1/1967|64 28 30 71 4|197|0 0 0 0 0|0
225|14/1/1967|50 73 59 76 13|271|0 0 0 0 0|0
226|21/1/1967|15 71 21 80 59|246|0 0 0 0 0|0
227|28/1/1967|30 61 34 19 75|219|0 0 0 0 0|0
228|4/2/1967|51 21 30 2 87|191|0 0 0 0 0|0
229|11/2/1967|79 56 32 16 28|211|0 0 0 0 0|0
230|18/2/1967|31 67 88 71 40|297|0 0 0 0 0|0
231|25/2/1967|51 33 73 42 90|289|0 0 0 0 0|0
232|4/3/1967|60 14 19 38 79|210|0 0 0 0 0|0
233|11/3/1967|58 2 60 42 90|252|0 0 0 0 0|0
234|18/3/1967|25 69 82 39 37|252|0 0 0 0 0|0
235|25/3/1967|50 38 7 46 4|145|0 0 0 0 0|0
236|1/4/1967|17 11 44 45 52|169|0 0 0 0 0|0
237|8/4/1967|81 85 36 41 90|333|0 0 0 0 0|0
238|15/4/1967|71 86 9 64 14|244|0 0 0 0 0|0
239|22/4/1967|25 45 40 28 37|175|0 0 0 0 0|0
240|29/4/1967|17 21 11 20 13|82|0 0 0 0 0|0
241|6/5/1967|32 37 11 10 65|155|0 0 0 0 0|0
242|13/5/1967|82 61 58 62 20|283|0 0 0 0 0|0
243|20/5/1967|37 80 57 83 87|344|0 0 0 0 0|0
244|27/5/1967|46 8 25 20 31|130|0 0 0 0 0|0
245|3/6/1967|24 64 35 1 59|183|0 0 0 0 0|0
246|10/6/1967|21 52 18 87 58|236|0 0 0 0 0|0
247|17/6/1967|7 81 84 80 54|306|0 0 0 0 0|0
248|24/6/1967|42 58 40 7 23|170|0 0 0 0 0|0
249|1/7/1967|75 42 80 65 43|305|0 0 0 0 0|0
250|8/7/1967|19 51 53 2 27|152|0 0 0 0 0|0
251|15/7/1967|83 18 5 60 56|222|0 0 0 0 0|0
252|22/7/1967|61 78 35 55 33|262|0 0 0 0 0|0
253|29/7/1967|12 35 87 48 50|232|0 0 0 0 0|0
254|5/8/1967|45 61 13 87 16|222|0 0 0 0 0|0
255|12/8/1967|74 13 33 1 18|139|0 0 0 0 0|0
256|19/8/1967|75 27 19 52 6|179|0 0 0 0 0|0
257|26/8/1967|21 87 25 74 2|209|0 0 0 0 0|0
258|2/9/1967|55 2 52 19 77|205|0 0 0 0 0|0
259|9/9/1967|73 80 85 86 64|388|0 0 0 0 0|0
260|16/9/1967|39 21 89 72 77|298|0 0 0 0 0|0
261|23/9/1967|19 44 5 31 15|114|0 0 0 0 0|0
262|30/9/1967|20 12 53 61 63|209|0 0 0 0 0|0
263|7/10/1967|60 84 57 12 54|267|0 0 0 0 0|0
264|14/10/1967|26 10 52 69 78|235|0 0 0 0 0|0
265|21/10/1967|72 28 75 66 22|263|0 0 0 0 0|0
266|28/10/1967|89 12 14 46 55|216|0 0 0 0 0|0
267|4/11/1967|90 13 14 84 71|272|0 0 0 0 0|0
268|11/11/1967|53 57 81 62 56|309|0 0 0 0 0|0
269|18/11/1967|61 31 1 27 23|143|0 0 0 0 0|0
270|25/11/1967|89 68 20 84 76|337|0 0 0 0 0|0
271|2/12/1967|71 61 26 21 1|180|0 0 0 0 0|0
272|9/12/1967|73 14 47 5 50|189|0 0 0 0 0|0
273|16/12/1967|26 14 32 63 1|136|0 0 0 0 0|0
274|23/12/1967|54 80 57 73 17|281|0 0 0 0 0|0
275|30/12/1967|80 64 32 13 22|211|0 0 0 0 0|0
276|6/1/1968|72 75 70 10 53|280|0 0 0 0 0|0
277|13/1/1968|86 23 28 6 14|157|0 0 0 0 0|0
278|20/1/1968|5 26 28 38 20|117|0 0 0 0 0|0
279|27/1/1968|60 61 76 16 6|219|0 0 0 0 0|0
280|3/2/1968|34 79 53 75 31|272|0 0 0 0 0|0
281|10/2/1968|69 74 51 38 71|303|0 0 0 0 0|0
282|17/2/1968|27 36 61 67 69|260|0 0 0 0 0|0
283|24/2/1968|18 58 78 70 66|290|0 0 0 0 0|0
284|2/3/1968|33 66 77 35 37|248|0 0 0 0 0|0
285|9/3/1968|80 40 51 16 70|257|0 0 0 0 0|0
286|16/3/1968|83 67 25 21 33|229|0 0 0 0 0|0
287|23/3/1968|19 46 20 51 80|216|0 0 0 0 0|0
288|30/3/1968|32 25 70 87 64|278|0 0 0 0 0|0
289|6/4/1968|29 65 45 66 70|275|0 0 0 0 0|0
290|13/4/1968|80 85 87 72 34|358|0 0 0 0 0|0
291|20/4/1968|43 1 86 7 71|208|0 0 0 0 0|0
292|27/4/1968|11 75 8 17 13|124|0 0 0 0 0|0
293|4/5/1968|46 70 77 87 66|346|0 0 0 0 0|0
294|11/5/1968|77 9 32 1 30|149|0 0 0 0 0|0
295|18/5/1968|16 77 88 32 47|260|0 0 0 0 0|0
296|25/5/1968|15 83 17 35 43|193|0 0 0 0 0|0
297|1/6/1968|38 69 65 60 52|284|0 0 0 0 0|0
298|8/6/1968|4 74 18 55 76|227|0 0 0 0 0|0
299|15/6/1968|37 16 24 48 52|177|0 0 0 0 0|0
300|22/6/1968|38 1 50 36 11|136|0 0 0 0 0|0
301|29/6/1968|82 22 34 27 24|189|0 0 0 0 0|0
302|6/7/1968|75 29 73 63 23|263|0 0 0 0 0|0
303|13/7/1968|79 65 53 89 82|368|0 0 0 0 0|0
304|20/7/1968|86 67 41 33 38|265|0 0 0 0 0|0
305|27/7/1968|33 37 7 39 1|117|0 0 0 0 0|0
306|3/8/1968|35 50 48 79 13|225|0 0 0 0 0|0
307|10/8/1968|89 81 31 75 42|318|0 0 0 0 0|0
308|17/8/1968|68 89 42 16 81|296|0 0 0 0 0|0
309|24/8/1968|35 55 29 12 70|201|0 0 0 0 0|0
310|31/8/1968|82 88 13 37 51|271|0 0 0 0 0|0
311|7/9/1968|33 80 72 53 48|286|0 0 0 0 0|0
312|14/9/1968|69 81 80 28 18|276|0 0 0 0 0|0
313|21/9/1968|78 9 3 85 75|250|0 0 0 0 0|0
314|28/9/1968|81 7 89 15 59|251|0 0 0 0 0|0
315|5/10/1968|65 19 48 49 58|239|0 0 0 0 0|0
316|12/10/1968|23 20 57 88 70|258|0 0 0 0 0|0
317|19/10/1968|36 60 70 27 23|216|0 0 0 0 0|0
318|26/10/1968|81 80 30 47 84|322|0 0 0 0 0|0
319|2/11/1968|14 88 38 89 41|270|0 0 0 0 0|0
320|9/11/1968|40 12 33 55 69|209|0 0 0 0 0|0
321|16/11/1968|41 36 37 85 2|201|0 0 0 0 0|0
322|23/11/1968|64 16 70 54 1|205|0 0 0 0 0|0
323|30/11/1968|8 57 38 79 13|195|0 0 0 0 0|0
324|7/12/1968|32 41 6 68 70|217|0 0 0 0 0|0
325|14/12/1968|30 59 52 75 51|267|0 0 0 0 0|0
326|21/12/1968|18 56 86 78 27|265|0 0 0 0 0|0
327|28/12/1968|59 16 72 51 36|234|0 0 0 0 0|0
328|4/1/1969|25 8 19 53 73|178|0 0 0 0 0|0
329|11/1/1969|35 2 27 51 82|197|0 0 0 0 0|0
330|18/1/1969|70 72 60 8 15|225|0 0 0 0 0|0
331|25/1/1969|61 26 86 74 45|292|0 0 0 0 0|0
332|1/2/1969|24 79 5 21 56|185|0 0 0 0 0|0
333|8/2/1969|33 74 78 11 90|286|0 0 0 0 0|0
334|15/2/1969|27 72 85 25 77|286|0 0 0 0 0|0
335|22/2/1969|15 77 12 87 62|253|0 0 0 0 0|0
336|1/3/1969|38 57 28 70 90|283|0 0 0 0 0|0
337|8/3/1969|77 38 89 65 75|344|0 0 0 0 0|0
338|15/3/1969|59 26 9 17 72|183|0 0 0 0 0|0
339|22/3/1969|41 67 7 22 18|155|0 0 0 0 0|0
340|29/3/1969|27 35 66 67 2|197|0 0 0 0 0|0
341|5/4/1969|75 76 37 56 80|324|0 0 0 0 0|0
342|12/4/1969|2 83 25 11 19|140|0 0 0 0 0|0
343|19/4/1969|84 54 41 61 37|277|0 0 0 0 0|0
344|26/4/1969|85 52 59 5 35|236|0 0 0 0 0|0
345|3/5/1969|85 83 6 24 33|231|0 0 0 0 0|0
346|10/5/1969|54 58 84 85 37|318|0 0 0 0 0|0
347|17/5/1969|81 83 32 39 26|261|0 0 0 0 0|0
348|24/5/1969|33 1 43 36 22|135|0 0 0 0 0|0
349|31/5/1969|50 70 68 53 72|313|0 0 0 0 0|0
350|7/6/1969|66 64 15 81 24|250|0 0 0 0 0|0
351|14/6/1969|64 69 38 14 28|213|0 0 0 0 0|0
352|21/6/1969|17 67 89 77 1|251|0 0 0 0 0|0
353|28/6/1969|32 27 79 89 7|234|0 0 0 0 0|0
354|5/7/1969|43 68 13 75 26|225|0 0 0 0 0|0
355|12/7/1969|54 20 58 2 18|152|0 0 0 0 0|0
356|19/7/1969|28 34 5 66 10|143|0 0 0 0 0|0
357|26/7/1969|86 58 4 22 50|220|0 0 0 0 0|0
358|2/8/1969|24 85 33 51 87|280|0 0 0 0 0|0
359|9/8/1969|63 65 88 20 8|244|0 0 0 0 0|0
360|16/8/1969|22 81 88 72 29|292|0 0 0 0 0|0
361|23/8/1969|5 45 16 52 85|203|0 0 0 0 0|0
362|30/8/1969|71 81 42 51 21|266|0 0 0 0 0|0
363|6/9/1969|83 31 23 6 67|210|0 0 0 0 0|0
364|13/9/1969|55 76 16 3 30|180|0 0 0 0 0|0
365|20/9/1969|55 69 64 44 81|313|0 0 0 0 0|0
366|27/9/1969|69 87 75 83 60|374|0 0 0 0 0|0
367|4/10/1969|25 6 31 66 70|198|0 0 0 0 0|0
368|11/10/1969|71 84 83 73 33|344|0 0 0 0 0|0
369|18/10/1969|51 31 32 9 87|210|0 0 0 0 0|0
370|25/10/1969|1 2 81 11 84|179|0 0 0 0 0|0
371|1/11/1969|41 78 58 12 1|190|0 0 0 0 0|0
372|8/11/1969|8 61 69 43 45|226|0 0 0 0 0|0
373|15/11/1969|61 26 71 60 28|246|0 0 0 0 0|0
374|22/11/1969|34 35 71 8 70|218|0 0 0 0 0|0
375|29/11/1969|47 24 78 48 36|233|0 0 0 0 0|0
376|6/12/1969|55 85 32 64 88|324|0 0 0 0 0|0
377|13/12/1969|56 67 63 77 74|337|0 0 0 0 0|0
378|20/12/1969|47 64 78 7 27|223|0 0 0 0 0|0
379|27/12/1969|36 64 15 48 56|219|0 0 0 0 0|0
380|3/1/1970|85 59 37 65 89|335|0 0 0 0 0|0
381|10/1/1970|46 1 7 79 24|157|0 0 0 0 0|0
382|17/1/1970|53 77 59 20 7|216|0 0 0 0 0|0
383|24/1/1970|76 42 66 48 86|318|0 0 0 0 0|0
384|31/1/1970|55 31 57 26 28|197|0 0 0 0 0|0
385|7/2/1970|77 51 55 23 89|295|0 0 0 0 0|0
386|14/2/1970|7 42 45 57 76|227|0 0 0 0 0|0
387|21/2/1970|10 4 85 74 11|184|0 0 0 0 0|0
388|28/2/1970|21 59 72 53 76|281|0 0 0 0 0|0
389|7/3/1970|73 41 28 71 55|268|0 0 0 0 0|0
390|14/3/1970|19 59 25 12 88|203|0 0 0 0 0|0
391|21/3/1970|70 47 86 6 82|291|0 0 0 0 0|0
392|28/3/1970|33 49 59 38 56|235|0 0 0 0 0|0
393|4/4/1970|13 80 67 68 20|248|0 0 0 0 0|0
394|11/4/1970|8 2 20 13 85|128|0 0 0 0 0|0
395|18/4/1970|70 88 72 19 29|278|0 0 0 0 0|0
396|25/4/1970|90 74 6 28 69|267|0 0 0 0 0|0
397|2/5/1970|26 16 55 30 77|204|0 0 0 0 0|0
398|9/5/1970|44 76 55 36 54|265|0 0 0 0 0|0
399|16/5/1970|71 88 80 76 30|345|0 0 0 0 0|0
400|23/5/1970|42 52 70 68 81|313|0 0 0 0 0|0
401|30/5/1970|27 20 53 76 85|261|0 0 0 0 0|0
402|6/6/1970|31 89 1 25 51|197|0 0 0 0 0|0
403|13/6/1970|58 61 10 22 5|156|0 0 0 0 0|0
404|20/6/1970|66 65 55 87 61|334|0 0 0 0 0|0
405|27/6/1970|89 6 60 17 52|224|0 0 0 0 0|0
406|4/7/1970|17 67 28 25 81|218|0 0 0 0 0|0
407|11/7/1970|2 68 72 30 40|212|0 0 0 0 0|0
408|18/7/1970|70 60 54 71 22|277|0 0 0 0 0|0
409|25/7/1970|49 70 55 13 5|192|0 0 0 0 0|0
410|1/8/1970|90 56 19 42 15|222|0 0 0 0 0|0
411|8/8/1970|14 41 40 31 47|173|0 0 0 0 0|0
412|15/8/1970|83 32 85 63 43|306|0 0 0 0 0|0
413|22/8/1970|70 9 39 12 2|132|0 0 0 0 0|0
414|29/8/1970|89 49 39 68 4|249|0 0 0 0 0|0
415|5/9/1970|69 9 43 28 17|166|0 0 0 0 0|0
416|12/9/1970|87 31 46 39 79|282|0 0 0 0 0|0
417|19/9/1970|41 33 46 39 9|168|0 0 0 0 0|0
418|26/9/1970|39 31 61 59 28|218|0 0 0 0 0|0
419|3/10/1970|38 58 60 39 44|239|0 0 0 0 0|0
420|10/10/1970|25 83 28 1 2|139|0 0 0 0 0|0
421|17/10/1970|47 46 7 87 79|266|0 0 0 0 0|0
422|24/10/1970|81 41 61 44 86|313|0 0 0 0 0|0
423|31/10/1970|37 34 51 61 15|198|0 0 0 0 0|0
424|7/11/1970|72 36 58 62 29|257|0 0 0 0 0|0
425|14/11/1970|23 3 75 71 54|226|0 0 0 0 0|0
426|21/11/1970|45 90 54 56 89|334|0 0 0 0 0|0
427|28/11/1970|15 4 1 63 70|153|0 0 0 0 0|0
428|5/12/1970|90 44 85 41 4|264|0 0 0 0 0|0
429|12/12/1970|41 82 78 23 28|252|0 0 0 0 0|0
430|19/12/1970|85 80 65 82 20|332|0 0 0 0 0|0
431|26/12/1970|13 9 8 75 79|184|0 0 0 0 0|0
432|2/1/1971|67 63 14 75 17|236|0 0 0 0 0|0
433|9/1/1971|8 19 52 10 83|172|0 0 0 0 0|0
434|16/1/1971|13 76 26 67 53|235|0 0 0 0 0|0
435|23/1/1971|23 22 82 79 65|271|0 0 0 0 0|0
436|30/1/1971|39 11 81 44 12|187|0 0 0 0 0|0
437|6/2/1971|66 40 31 10 22|169|0 0 0 0 0|0
438|13/2/1971|46 2 69 51 28|196|0 0 0 0 0|0
439|20/2/1971|2 90 15 3 67|177|0 0 0 0 0|0
440|27/2/1971|12 26 73 8 40|159|0 0 0 0 0|0
441|6/3/1971|65 60 56 78 49|308|0 0 0 0 0|0
442|13/3/1971|86 54 81 73 72|366|0 0 0 0 0|0
443|20/3/1971|76 3 88 1 4|172|0 0 0 0 0|0
444|27/3/1971|41 58 74 2 29|204|0 0 0 0 0|0
445|3/4/1971|39 47 64 80 23|253|0 0 0 0 0|0
446|10/4/1971|64 73 16 49 27|229|0 0 0 0 0|0
447|17/4/1971|34 37 69 51 36|227|0 0 0 0 0|0
448|24/4/1971|81 86 18 30 11|226|0 0 0 0 0|0
449|1/5/1971|39 10 28 77 9|163|0 0 0 0 0|0
450|8/5/1971|4 42 5 17 78|146|0 0 0 0 0|0
451|15/5/1971|24 48 27 15 45|159|0 0 0 0 0|0
452|22/5/1971|75 89 33 27 10|234|0 0 0 0 0|0
453|29/5/1971|36 1 42 55 28|162|0 0 0 0 0|0
454|5/6/1971|17 74 33 69 67|260|0 0 0 0 0|0
455|12/6/1971|66 63 77 14 8|228|0 0 0 0 0|0
456|19/6/1971|46 11 82 68 21|228|0 0 0 0 0|0
457|26/6/1971|23 8 80 67 40|218|0 0 0 0 0|0
458|3/7/1971|85 90 4 14 64|257|0 0 0 0 0|0
459|10/7/1971|1 35 10 38 52|136|0 0 0 0 0|0
460|17/7/1971|16 57 78 81 30|262|0 0 0 0 0|0
461|24/7/1971|85 1 41 76 80|283|0 0 0 0 0|0
462|31/7/1971|65 52 29 5 50|201|0 0 0 0 0|0
463|7/8/1971|2 37 30 81 29|179|0 0 0 0 0|0
464|14/8/1971|78 84 51 32 13|258|0 0 0 0 0|0
465|21/8/1971|49 36 31 22 15|153|0 0 0 0 0|0
466|28/8/1971|45 37 26 47 14|169|0 0 0 0 0|0
467|4/9/1971|76 53 86 51 2|268|0 0 0 0 0|0
468|11/9/1971|50 34 14 26 43|167|0 0 0 0 0|0
469|18/9/1971|62 71 60 39 18|250|0 0 0 0 0|0
470|25/9/1971|70 4 51 28 57|210|0 0 0 0 0|0
471|2/10/1971|36 5 6 28 10|85|0 0 0 0 0|0
472|9/10/1971|26 3 9 75 15|128|0 0 0 0 0|0
473|16/10/1971|2 46 43 48 16|155|0 0 0 0 0|0
474|23/10/1971|74 13 4 9 70|170|0 0 0 0 0|0
475|30/10/1971|24 58 85 49 14|230|0 0 0 0 0|0
476|6/11/1971|12 61 36 47 75|231|0 0 0 0 0|0
477|13/11/1971|1 48 27 54 16|146|0 0 0 0 0|0
478|20/11/1971|14 43 27 39 71|194|0 0 0 0 0|0
479|27/11/1971|82 29 45 77 4|237|0 0 0 0 0|0
480|4/12/1971|25 1 44 23 71|164|0 0 0 0 0|0
481|11/12/1971|24 18 25 26 57|150|0 0 0 0 0|0
482|18/12/1971|50 26 87 28 47|238|0 0 0 0 0|0
483|25/12/1971|1 56 22 23 52|154|0 0 0 0 0|0
484|1/1/1972|7 86 18 71 21|203|0 0 0 0 0|0
485|8/1/1972|27 42 52 45 24|190|0 0 0 0 0|0
486|15/1/1972|79 73 52 35 17|256|0 0 0 0 0|0
487|22/1/1972|57 81 29 12 76|255|0 0 0 0 0|0
488|29/1/1972|74 15 71 45 53|258|0 0 0 0 0|0
489|5/2/1972|74 51 54 77 47|303|0 0 0 0 0|0
490|12/2/1972|12 44 54 28 8|146|0 0 0 0 0|0
491|19/2/1972|53 56 49 42 11|211|0 0 0 0 0|0
492|26/2/1972|17 6 72 52 1|148|0 0 0 0 0|0
493|4/3/1972|21 87 56 42 3|209|0 0 0 0 0|0
494|11/3/1972|41 7 29 43 85|205|0 0 0 0 0|0
495|18/3/1972|20 11 41 64 2|138|0 0 0 0 0|0
496|25/3/1972|55 13 66 81 7|222|0 0 0 0 0|0
497|1/4/1972|49 89 67 22 31|258|0 0 0 0 0|0
498|8/4/1972|50 65 17 22 34|188|0 0 0 0 0|0
499|15/4/1972|1 38 17 31 15|102|0 0 0 0 0|0
500|22/4/1972|11 24 83 31 48|197|0 0 0 0 0|0
501|29/4/1972|9 18 19 54 23|123|0 0 0 0 0|0
502|6/5/1972|79 31 84 36 87|317|0 0 0 0 0|0
503|13/5/1972|75 87 20 90 43|315|0 0 0 0 0|0
504|20/5/1972|90 71 66 10 62|299|0 0 0 0 0|0
505|27/5/1972|74 86 46 79 18|303|0 0 0 0 0|0
506|3/6/1972|6 72 12 62 61|213|0 0 0 0 0|0
507|10/6/1972|79 66 30 6 84|265|0 0 0 0 0|0
508|17/6/1972|22 73 4 64 41|204|0 0 0 0 0|0
509|24/6/1972|52 81 6 25 75|239|0 0 0 0 0|0
510|1/7/1972|86 90 9 19 23|227|0 0 0 0 0|0
511|8/7/1972|26 42 40 38 30|176|0 0 0 0 0|0
512|15/7/1972|29 84 74 3 88|278|0 0 0 0 0|0
513|22/7/1972|76 17 58 32 89|272|0 0 0 0 0|0
514|29/7/1972|57 52 7 25 9|150|0 0 0 0 0|0
515|5/8/1972|78 41 74 10 11|214|0 0 0 0 0|0
516|12/8/1972|25 26 58 6 88|203|0 0 0 0 0|0
517|19/8/1972|47 31 59 82 67|286|0 0 0 0 0|0
518|26/8/1972|26 32 35 39 86|218|0 0 0 0 0|0
519|2/9/1972|74 17 4 88 53|236|0 0 0 0 0|0
520|9/9/1972|7 69 43 48 53|220|0 0 0 0 0|0
521|16/9/1972|9 23 39 85 40|196|0 0 0 0 0|0
522|23/9/1972|18 74 22 19 1|134|0 0 0 0 0|0
523|30/9/1972|84 54 20 22 5|185|0 0 0 0 0|0
524|7/10/1972|86 66 4 58 5|219|0 0 0 0 0|0
525|14/10/1972|87 43 15 61 37|243|0 0 0 0 0|0
526|21/10/1972|49 31 47 56 82|265|0 0 0 0 0|0
527|28/10/1972|9 41 25 26 32|133|0 0 0 0 0|0
528|4/11/1972|53 9 49 64 17|192|0 0 0 0 0|0
529|11/11/1972|58 74 15 12 80|239|0 0 0 0 0|0
530|18/11/1972|79 40 38 63 50|270|0 0 0 0 0|0
531|25/11/1972|48 21 83 53 50|255|0 0 0 0 0|0
532|2/12/1972|12 24 32 45 63|176|0 0 0 0 0|0
533|9/12/1972|54 41 53 83 80|311|0 0 0 0 0|0
534|16/12/1972|16 2 45 53 88|204|0 0 0 0 0|0
535|23/12/1972|85 74 65 33 54|311|0 0 0 0 0|0
536|30/12/1972|9 1 42 88 89|229|0 0 0 0 0|0
537|6/1/1973|11 90 22 8 62|193|0 0 0 0 0|0
538|13/1/1973|60 4 67 71 19|221|0 0 0 0 0|0
539|20/1/1973|17 61 16 46 27|167|0 0 0 0 0|0
540|27/1/1973|13 33 19 18 49|132|0 0 0 0 0|0
541|3/2/1973|3 50 64 52 40|209|0 0 0 0 0|0
542|10/2/1973|65 43 68 63 21|260|0 0 0 0 0|0
543|17/2/1973|23 50 41 48 75|237|0 0 0 0 0|0
544|24/2/1973|8 10 23 3 89|133|0 0 0 0 0|0
545|3/3/1973|44 43 90 11 18|206|0 0 0 0 0|0
546|11/3/1973|5 11 55 26 31|128|0 0 0 0 0|0
547|18/3/1973|25 45 73 55 71|269|0 0 0 0 0|0
548|24/3/1973|33 11 27 86 79|236|0 0 0 0 0|0
549|31/3/1973|59 90 41 38 49|277|0 0 0 0 0|0
550|7/4/1973|69 44 3 9 87|212|0 0 0 0 0|0
551|14/4/1973|79 81 72 82 33|347|0 0 0 0 0|0
552|21/4/1973|70 67 51 88 24|300|0 0 0 0 0|0
553|28/4/1973|8 64 77 53 88|290|0 0 0 0 0|0
554|5/5/1973|53 16 64 3 49|185|0 0 0 0 0|0
555|12/5/1973|25 16 10 51 78|180|0 0 0 0 0|0
556|19/5/1973|39 24 62 80 77|282|0 0 0 0 0|0
557|26/5/1973|7 35 13 11 6|72|0 0 0 0 0|0
558|2/6/1973|54 90 6 5 50|205|0 0 0 0 0|0
559|9/6/1973|35 13 40 82 24|194|0 0 0 0 0|0
560|16/6/1973|75 61 37 46 50|269|0 0 0 0 0|0
561|23/6/1973|9 24 3 55 18|109|0 0 0 0 0|0
562|30/6/1973|1 34 4 81 71|191|0 0 0 0 0|0
563|7/7/1973|53 37 13 25 48|176|0 0 0 0 0|0
564|14/7/1973|90 60 50 87 15|302|0 0 0 0 0|0
565|21/7/1973|88 57 83 89 75|392|0 0 0 0 0|0
566|28/7/1973|21 60 49 62 52|244|0 0 0 0 0|0
567|4/8/1973|23 70 14 16 22|145|0 0 0 0 0|0
568|11/8/1973|71 21 70 36 23|221|0 0 0 0 0|0
569|18/8/1973|65 52 15 6 46|184|0 0 0 0 0|0
570|25/8/1973|1 32 74 87 47|241|0 0 0 0 0|0
571|1/9/1973|5 72 11 75 63|226|0 0 0 0 0|0
572|8/9/1973|39 54 23 61 34|211|0 0 0 0 0|0
573|15/9/1973|30 71 60 61 80|302|0 0 0 0 0|0
574|22/9/1973|32 12 61 20 79|204|0 0 0 0 0|0
575|29/9/1973|30 81 67 90 18|286|0 0 0 0 0|0
576|6/10/1973|84 47 52 51 83|317|0 0 0 0 0|0
577|13/10/1973|13 85 34 40 90|262|0 0 0 0 0|0
578|20/10/1973|49 38 20 41 63|211|0 0 0 0 0|0
579|27/10/1973|88 66 67 50 49|320|0 0 0 0 0|0
580|3/11/1973|16 79 85 54 82|316|0 0 0 0 0|0
581|10/11/1973|9 8 11 60 39|127|0 0 0 0 0|0
582|17/11/1973|69 24 58 68 12|231|0 0 0 0 0|0
583|24/11/1973|2 13 79 86 82|262|0 0 0 0 0|0
584|1/12/1973|69 28 85 48 52|282|0 0 0 0 0|0
585|8/12/1973|71 33 53 68 11|236|0 0 0 0 0|0
586|15/12/1973|75 63 8 73 78|297|0 0 0 0 0|0
587|22/12/1973|29 55 31 41 61|217|0 0 0 0 0|0
588|29/12/1973|39 63 86 90 25|303|0 0 0 0 0|0
589|5/1/1974|28 52 53 12 25|170|0 0 0 0 0|0
590|12/1/1974|58 37 49 3 60|207|0 0 0 0 0|0
591|19/1/1974|81 51 5 88 58|283|0 0 0 0 0|0
592|26/1/1974|70 37 11 19 73|210|0 0 0 0 0|0
593|2/2/1974|22 90 81 82 49|324|0 0 0 0 0|0
594|9/2/1974|74 13 47 2 10|146|0 0 0 0 0|0
595|16/2/1974|22 38 46 21 57|184|0 0 0 0 0|0
596|23/2/1974|7 81 76 12 47|223|0 0 0 0 0|0
597|2/3/1974|81 44 12 42 25|204|0 0 0 0 0|0
598|9/3/1974|35 46 28 41 64|214|0 0 0 0 0|0
599|16/3/1974|32 54 19 50 21|176|0 0 0 0 0|0
600|23/3/1974|46 10 29 55 77|217|0 0 0 0 0|0
601|30/3/1974|6 59 35 52 44|196|0 0 0 0 0|0
602|6/4/1974|87 89 56 3 1|236|0 0 0 0 0|0
603|13/4/1974|67 4 58 84 78|291|0 0 0 0 0|0
604|20/4/1974|56 60 71 5 2|194|0 0 0 0 0|0
605|27/4/1974|74 46 71 79 89|359|0 0 0 0 0|0
606|4/5/1974|74 40 53 51 77|295|0 0 0 0 0|0
607|11/5/1974|49 5 75 9 18|156|0 0 0 0 0|0
608|18/5/1974|35 27 9 48 21|140|0 0 0 0 0|0
609|25/5/1974|22 67 74 11 50|224|0 0 0 0 0|0
610|1/6/1974|15 78 18 5 24|140|0 0 0 0 0|0
611|8/6/1974|3 37 66 29 14|149|0 0 0 0 0|0
612|15/6/1974|81 25 69 77 17|269|0 0 0 0 0|0
613|22/6/1974|57 71 72 1 61|262|0 0 0 0 0|0
614|29/6/1974|79 69 85 19 32|284|0 0 0 0 0|0
615|6/7/1974|58 50 21 66 18|213|0 0 0 0 0|0
616|13/7/1974|63 64 40 44 13|224|0 0 0 0 0|0
617|20/7/1974|58 79 25 21 51|234|0 0 0 0 0|0
618|27/7/1974|54 7 12 8 88|169|0 0 0 0 0|0
619|3/8/1974|30 23 28 56 52|189|0 0 0 0 0|0
620|10/8/1974|24 41 31 76 23|195|0 0 0 0 0|0
621|17/8/1974|70 21 80 25 35|231|0 0 0 0 0|0
622|24/8/1974|15 60 67 40 49|231|0 0 0 0 0|0
623|31/8/1974|63 32 72 14 24|205|0 0 0 0 0|0
624|7/9/1974|40 14 7 10 81|152|0 0 0 0 0|0
625|14/9/1974|32 72 88 30 56|278|0 0 0 0 0|0
626|21/9/1974|16 9 64 63 34|186|0 0 0 0 0|0
627|28/9/1974|67 1 2 14 49|133|0 0 0 0 0|0
628|5/10/1974|47 54 90 48 67|306|0 0 0 0 0|0
629|12/10/1974|87 45 53 38 20|243|0 0 0 0 0|0
630|19/10/1974|27 1 65 17 22|132|0 0 0 0 0|0
631|26/10/1974|41 26 24 64 7|162|0 0 0 0 0|0
632|2/11/1974|25 45 3 54 84|211|0 0 0 0 0|0
633|9/11/1974|28 84 47 35 43|237|0 0 0 0 0|0
634|16/11/1974|13 14 86 33 21|167|0 0 0 0 0|0
635|23/11/1974|11 29 34 30 67|171|0 0 0 0 0|0
636|30/11/1974|18 2 11 33 21|85|0 0 0 0 0|0
637|7/12/1974|70 41 75 49 76|311|0 0 0 0 0|0
638|14/12/1974|56 20 79 72 31|258|0 0 0 0 0|0
639|21/12/1974|42 63 24 4 11|144|0 0 0 0 0|0
640|28/12/1974|1 41 58 18 30|148|0 0 0 0 0|0
641|4/1/1975|7 13 15 62 3|100|33 29 82 58 68|270
642|11/1/1975|70 33 90 23 25|241|75 32 17 42 59|225
643|18/1/1975|76 18 17 8 22|141|32 80 16 65 15|208
644|25/1/1975|5 14 67 26 73|185|79 10 29 28 36|182
645|1/2/1975|50 13 77 81 34|255|51 60 19 37 21|188
646|8/2/1975|40 85 67 5 23|220|68 82 31 47 58|286
647|15/2/1975|11 4 28 67 51|161|1 71 57 45 69|243
648|22/2/1975|26 51 69 78 52|276|61 38 58 4 18|179
649|1/3/1975|85 26 27 25 87|250|60 45 51 67 13|236
650|8/3/1975|60 66 86 18 11|241|67 20 23 4 47|161
651|15/3/1975|41 28 63 65 82|279|88 83 44 58 23|296
652|22/3/1975|53 76 55 71 60|315|83 32 33 8 41|197
653|29/3/1975|66 18 51 77 14|226|75 33 48 10 55|221
654|5/4/1975|4 22 88 32 6|152|68 1 89 14 45|217
655|12/4/1975|35 73 7 86 54|255|18 14 62 76 56|226
656|19/4/1975|13 9 26 65 56|169|21 47 41 31 32|172
657|26/4/1975|55 3 86 48 9|201|52 1 81 35 79|248
658|3/5/1975|85 88 64 40 74|351|73 17 70 45 50|255
659|10/5/1975|11 10 75 89 52|237|69 1 37 71 53|231
660|17/5/1975|2 27 90 46 42|207|26 89 67 32 1|215
661|24/5/1975|11 46 29 26 77|189|31 81 71 3 86|272
662|31/5/1975|44 50 53 66 17|230|59 65 84 21 54|283
663|7/6/1975|37 72 77 4 23|213|89 2 58 44 45|238
664|14/6/1975|64 72 23 46 10|215|68 43 28 82 12|233
665|21/6/1975|1 73 52 71 56|253|84 41 39 78 35|277
666|28/6/1975|28 78 3 31 10|150|54 66 34 4 37|195
667|5/7/1975|22 18 45 9 56|150|43 87 82 7 47|266
668|12/7/1975|59 11 55 16 54|195|66 51 70 24 17|228
669|19/7/1975|60 8 21 33 27|149|88 4 32 42 77|243
670|26/7/1975|58 11 15 77 21|182|32 76 57 22 73|260
671|2/8/1975|53 5 86 77 72|293|10 22 39 60 56|187
672|9/8/1975|27 34 29 6 32|128|57 8 39 90 46|240
673|16/8/1975|52 46 2 64 81|245|33 40 62 59 45|239
674|23/8/1975|20 81 75 11 87|274|77 2 12 4 26|121
675|30/8/1975|53 87 30 72 16|258|82 23 47 63 70|285
676|6/9/1975|87 44 16 52 31|230|37 36 59 50 90|272
677|13/9/1975|23 80 64 30 49|246|9 19 58 25 65|176
678|20/9/1975|48 57 32 53 21|211|64 54 67 22 51|258
679|27/9/1975|6 46 2 88 41|183|9 35 78 10 24|156
680|4/10/1975|84 78 39 61 79|341|29 25 9 70 83|216
681|11/10/1975|17 79 34 54 90|274|37 83 27 47 1|195
682|18/10/1975|86 73 85 20 70|334|57 78 89 83 6|313
683|25/10/1975|59 75 37 81 78|330|4 7 44 57 60|172
684|1/11/1975|90 38 35 65 17|245|23 41 6 34 32|136
685|8/11/1975|54 55 51 11 18|189|12 39 70 43 58|222
686|15/11/1975|3 25 44 55 28|155|18 54 60 56 1|189
687|22/11/1975|41 74 83 28 9|235|76 56 1 70 7|210
688|29/11/1975|26 12 85 88 42|253|32 25 1 17 49|124
689|6/12/1975|70 3 42 35 1|151|85 23 41 86 32|267
690|13/12/1975|81 68 32 27 37|245|20 16 33 82 17|168
691|20/12/1975|29 14 40 62 38|183|41 24 46 66 28|205
692|27/12/1975|55 71 77 8 17|228|80 86 62 33 50|311
693|3/1/1976|37 33 88 14 58|230|0 0 0 0 0|0
694|10/1/1976|59 88 35 5 45|232|0 0 0 0 0|0
695|17/1/1976|43 90 88 51 30|302|0 0 0 0 0|0
696|24/1/1976|24 58 71 41 6|200|0 0 0 0 0|0
697|31/1/1976|19 62 64 33 84|262|0 0 0 0 0|0
698|7/2/1976|85 5 81 33 76|280|0 0 0 0 0|0
699|14/2/1976|77 36 81 20 64|278|0 0 0 0 0|0
700|21/2/1976|28 2 27 4 21|82|0 0 0 0 0|0
701|28/2/1976|37 80 65 14 30|226|0 0 0 0 0|0
702|6/3/1976|42 37 90 84 20|273|0 0 0 0 0|0
703|13/3/1976|72 3 27 6 50|158|0 0 0 0 0|0
704|20/3/1976|82 74 88 70 30|344|0 0 0 0 0|0
705|27/3/1976|1 74 29 45 8|157|0 0 0 0 0|0
706|3/4/1976|5 80 39 13 52|189|0 0 0 0 0|0
707|10/4/1976|36 2 65 18 59|180|0 0 0 0 0|0
708|17/4/1976|12 65 27 56 46|206|0 0 0 0 0|0
709|24/4/1976|32 79 39 64 22|236|0 0 0 0 0|0
710|1/5/1976|29 10 52 46 84|221|0 0 0 0 0|0
711|8/5/1976|60 6 28 85 57|236|0 0 0 0 0|0
712|15/5/1976|20 9 35 61 77|202|0 0 0 0 0|0
713|22/5/1976|40 77 19 71 6|213|0 0 0 0 0|0
714|29/5/1976|69 70 67 74 17|297|0 0 0 0 0|0
715|5/6/1976|85 63 71 24 9|252|0 0 0 0 0|0
716|12/6/1976|5 29 73 82 76|265|0 0 0 0 0|0
717|19/6/1976|17 75 50 51 63|256|0 0 0 0 0|0
718|26/6/1976|21 72 88 37 80|298|0 0 0 0 0|0
719|3/7/1976|54 51 50 68 70|293|0 0 0 0 0|0
720|10/7/1976|32 83 23 54 71|263|0 0 0 0 0|0
721|17/7/1976|77 34 54 81 44|290|0 0 0 0 0|0
722|24/7/1976|80 82 13 45 21|241|0 0 0 0 0|0
723|31/7/1976|12 66 21 28 46|173|0 0 0 0 0|0
724|7/8/1976|81 20 46 40 12|199|0 0 0 0 0|0
725|14/8/1976|23 6 75 70 69|243|0 0 0 0 0|0
726|21/8/1976|50 55 38 83 11|237|0 0 0 0 0|0
727|28/8/1976|47 79 26 68 8|228|0 0 0 0 0|0
728|4/9/1976|85 50 76 42 67|320|0 0 0 0 0|0
729|11/9/1976|54 79 39 86 67|325|0 0 0 0 0|0
730|18/9/1976|7 28 20 73 71|199|0 0 0 0 0|0
731|25/9/1976|27 75 11 35 36|184|0 0 0 0 0|0
732|2/10/1976|71 4 52 65 10|202|0 0 0 0 0|0
733|9/10/1976|58 77 41 18 29|223|0 0 0 0 0|0
734|16/10/1976|21 67 55 20 12|175|0 0 0 0 0|0
735|23/10/1976|40 17 45 68 56|226|0 0 0 0 0|0
736|30/10/1976|85 50 8 73 58|274|0 0 0 0 0|0
737|6/11/1976|59 20 10 41 75|205|0 0 0 0 0|0
738|13/11/1976|16 12 62 54 46|190|0 0 0 0 0|0
739|20/11/1976|19 90 49 36 84|278|0 0 0 0 0|0
740|27/11/1976|57 82 19 12 54|224|0 0 0 0 0|0
741|4/12/1976|64 33 85 28 7|217|0 0 0 0 0|0
742|11/12/1976|59 26 42 34 82|243|0 0 0 0 0|0
743|18/12/1976|75 55 67 57 25|279|0 0 0 0 0|0
744|25/12/1976|64 52 43 79 51|289|0 0 0 0 0|0
798|7/1/1978|27 81 67 32 62|269|0 0 0 0 0|0
799|14/1/1978|45 82 71 10 41|249|0 0 0 0 0|0
800|21/1/1978|36 27 53 9 48|173|0 0 0 0 0|0
801|28/1/1978|47 32 25 82 17|203|0 0 0 0 0|0
802|4/2/1978|60 23 81 55 43|262|0 0 0 0 0|0
803|11/2/1978|49 90 75 30 61|305|0 0 0 0 0|0
804|18/2/1978|52 53 82 30 66|283|0 0 0 0 0|0
805|25/2/1978|76 5 60 73 9|223|0 0 0 0 0|0
806|4/3/1978|88 28 29 64 22|231|0 0 0 0 0|0
807|11/3/1978|35 37 23 75 63|233|0 0 0 0 0|0
808|18/3/1978|23 58 87 60 19|247|0 0 0 0 0|0
809|25/3/1978|67 25 88 45 30|255|0 0 0 0 0|0
810|1/4/1978|59 25 32 44 50|210|0 0 0 0 0|0
811|8/4/1978|51 63 56 3 68|241|0 0 0 0 0|0
812|15/4/1978|45 25 27 38 36|171|0 0 0 0 0|0
813|22/4/1978|57 21 44 76 14|212|0 0 0 0 0|0
814|29/4/1978|57 53 86 72 73|341|0 0 0 0 0|0
815|6/5/1978|28 27 15 22 38|130|0 0 0 0 0|0
816|13/5/1978|49 43 53 37 39|221|0 0 0 0 0|0
817|20/5/1978|64 58 44 53 50|269|0 0 0 0 0|0
818|27/5/1978|80 27 77 18 73|275|0 0 0 0 0|0
819|3/6/1978|14 67 51 48 21|201|0 0 0 0 0|0
820|10/6/1978|44 77 74 47 2|244|0 0 0 0 0|0
821|17/6/1978|23 20 21 63 86|213|0 0 0 0 0|0
822|24/6/1978|89 23 61 32 24|229|0 0 0 0 0|0
823|1/7/1978|79 85 23 84 15|286|0 0 0 0 0|0
824|8/7/1978|47 35 56 2 43|183|0 0 0 0 0|0
825|15/7/1978|60 7 32 14 34|147|0 0 0 0 0|0
826|22/7/1978|23 12 76 62 78|251|0 0 0 0 0|0
827|29/7/1978|25 82 55 5 60|227|0 0 0 0 0|0
828|5/8/1978|8 42 41 68 52|211|0 0 0 0 0|0
829|12/8/1978|64 80 9 39 40|232|0 0 0 0 0|0
830|19/8/1978|39 20 5 52 24|140|0 0 0 0 0|0
831|26/8/1978|46 39 7 90 82|264|0 0 0 0 0|0
832|2/9/1978|26 69 6 37 44|182|0 0 0 0 0|0
833|9/9/1978|73 9 72 57 25|236|0 0 0 0 0|0
834|16/9/1978|50 37 12 66 54|219|0 0 0 0 0|0
835|23/9/1978|57 19 86 34 89|285|0 0 0 0 0|0
836|30/9/1978|68 26 15 5 43|157|0 0 0 0 0|0
837|7/10/1978|40 33 25 20 54|172|0 0 0 0 0|0
838|14/10/1978|27 40 45 6 3|121|0 0 0 0 0|0
839|21/10/1978|77 84 67 55 18|301|0 0 0 0 0|0
840|28/10/1978|40 50 6 77 59|232|0 0 0 0 0|0
841|4/11/1978|41 14 49 50 33|187|0 0 0 0 0|0
842|18/11/1978|75 41 83 47 61|307|0 0 0 0 0|0
843|25/11/1978|8 20 81 71 41|221|0 0 0 0 0|0
844|2/12/1978|78 74 31 48 88|319|0 0 0 0 0|0
845|9/12/1978|5 87 27 52 29|200|0 0 0 0 0|0
846|16/12/1978|63 36 66 79 25|269|0 0 0 0 0|0
847|23/12/1978|7 70 58 23 35|193|0 0 0 0 0|0
848|30/12/1978|48 86 69 3 56|262|0 0 0 0 0|0
849|6/1/1979|75 6 57 13 9|160|0 0 0 0 0|0
850|13/1/1979|69 23 4 20 77|193|0 0 0 0 0|0
851|20/1/1979|35 12 85 39 59|230|0 0 0 0 0|0
852|27/1/1979|41 83 51 61 57|293|0 0 0 0 0|0
853|3/2/1979|66 63 55 37 1|222|0 0 0 0 0|0
854|10/2/1979|11 65 27 82 32|217|0 0 0 0 0|0
855|17/2/1979|21 9 77 82 85|274|0 0 0 0 0|0
856|24/2/1979|90 16 82 21 55|264|0 0 0 0 0|0
857|3/3/1979|75 63 65 13 52|268|0 0 0 0 0|0
858|10/3/1979|83 51 16 34 46|230|0 0 0 0 0|0
859|17/3/1979|16 56 14 21 85|192|0 0 0 0 0|0
860|24/3/1979|35 31 42 27 14|149|0 0 0 0 0|0
861|31/3/1979|52 30 82 63 59|286|0 0 0 0 0|0
862|7/4/1979|65 89 33 60 68|315|0 0 0 0 0|0
863|14/4/1979|18 50 12 6 2|88|0 0 0 0 0|0
864|21/4/1979|16 60 32 27 20|155|0 0 0 0 0|0
865|28/4/1979|77 56 24 85 75|317|0 0 0 0 0|0
866|5/5/1979|52 76 30 38 60|256|0 0 0 0 0|0
867|12/5/1979|28 85 77 88 3|281|0 0 0 0 0|0
868|19/5/1979|45 56 64 20 36|221|0 0 0 0 0|0
869|26/5/1979|54 71 85 21 45|276|0 0 0 0 0|0
870|2/6/1979|77 62 9 17 39|204|0 0 0 0 0|0
871|9/6/1979|42 57 27 5 9|140|0 0 0 0 0|0
872|16/6/1979|33 36 7 64 72|212|0 0 0 0 0|0
873|23/6/1979|78 82 74 51 27|312|0 0 0 0 0|0
874|30/6/1979|90 25 47 9 22|193|0 0 0 0 0|0
875|7/7/1979|9 69 71 53 12|214|0 0 0 0 0|0
876|14/7/1979|85 51 17 8 66|227|0 0 0 0 0|0
877|21/7/1979|9 49 12 17 55|142|0 0 0 0 0|0
878|28/7/1979|49 74 41 22 20|206|0 0 0 0 0|0
879|4/8/1979|52 50 58 21 30|211|0 0 0 0 0|0
880|11/8/1979|23 88 14 54 15|194|0 0 0 0 0|0
881|18/8/1979|26 79 88 44 10|247|0 0 0 0 0|0
882|25/8/1979|72 63 70 66 83|354|0 0 0 0 0|0
883|1/9/1979|28 18 23 27 89|185|0 0 0 0 0|0
884|8/9/1979|16 7 65 82 74|244|0 0 0 0 0|0
885|15/9/1979|72 60 53 66 35|286|0 0 0 0 0|0
886|22/9/1979|42 63 25 4 87|221|0 0 0 0 0|0
887|29/9/1979|35 63 85 2 75|260|0 0 0 0 0|0
888|6/10/1979|41 81 88 30 46|286|0 0 0 0 0|0
889|13/10/1979|87 11 69 47 6|220|0 0 0 0 0|0
890|20/10/1979|27 22 80 85 26|240|0 0 0 0 0|0
891|27/10/1979|13 76 30 67 40|226|0 0 0 0 0|0
892|3/11/1979|12 49 48 29 38|176|0 0 0 0 0|0
893|10/11/1979|56 5 88 62 71|282|0 0 0 0 0|0
894|17/11/1979|77 8 58 47 69|259|0 0 0 0 0|0
895|24/11/1979|88 9 39 13 2|151|0 0 0 0 0|0
896|1/12/1979|51 37 11 65 4|168|0 0 0 0 0|0
897|8/12/1979|74 58 77 9 16|234|0 0 0 0 0|0
898|15/12/1979|10 24 49 11 51|145|0 0 0 0 0|0
899|22/12/1979|81 83 68 90 29|351|0 0 0 0 0|0
900|29/12/1979|52 33 85 37 7|214|0 0 0 0 0|0
901|5/1/1980|6 9 59 89 21|184|0 0 0 0 0|0
902|12/1/1980|78 27 24 28 37|194|0 0 0 0 0|0
903|19/1/1980|11 78 48 20 71|228|0 0 0 0 0|0
904|26/1/1980|52 34 76 19 5|186|0 0 0 0 0|0
905|2/2/1980|28 11 22 39 24|124|0 0 0 0 0|0
906|9/2/1980|61 63 45 19 18|206|0 0 0 0 0|0
907|16/2/1980|89 16 83 50 69|307|0 0 0 0 0|0
908|23/2/1980|50 13 2 90 24|179|0 0 0 0 0|0
909|1/3/1980|44 9 12 74 24|163|0 0 0 0 0|0
910|8/3/1980|52 26 72 69 39|258|0 0 0 0 0|0
911|15/3/1980|52 35 89 15 10|201|0 0 0 0 0|0
912|22/3/1980|5 28 31 50 54|168|0 0 0 0 0|0
913|29/3/1980|31 87 4 80 54|256|0 0 0 0 0|0
914|5/4/1980|2 19 47 16 52|136|0 0 0 0 0|0
915|12/4/1980|6 47 21 35 62|171|0 0 0 0 0|0
916|19/4/1980|1 16 2 29 27|75|0 0 0 0 0|0
917|26/4/1980|70 63 7 76 90|306|0 0 0 0 0|0
918|3/5/1980|82 10 45 66 77|280|0 0 0 0 0|0
919|10/5/1980|18 85 56 63 9|231|0 0 0 0 0|0
920|17/5/1980|63 55 56 5 72|251|0 0 0 0 0|0
921|24/5/1980|43 55 23 60 56|237|0 0 0 0 0|0
922|31/5/1980|89 70 28 54 35|276|0 0 0 0 0|0
923|7/6/1980|79 49 57 83 17|285|0 0 0 0 0|0
924|14/6/1980|73 28 38 25 4|168|0 0 0 0 0|0
925|21/6/1980|40 61 89 76 24|290|0 0 0 0 0|0
926|28/6/1980|53 70 22 7 12|164|0 0 0 0 0|0
927|5/7/1980|65 29 21 3 42|160|0 0 0 0 0|0
928|12/7/1980|47 33 14 35 10|139|0 0 0 0 0|0
929|19/7/1980|86 51 46 28 90|301|0 0 0 0 0|0
930|26/7/1980|77 25 43 20 28|193|0 0 0 0 0|0
931|2/8/1980|15 5 80 49 35|184|0 0 0 0 0|0
932|9/8/1980|61 49 88 16 42|256|0 0 0 0 0|0
933|16/8/1980|52 58 45 1 78|234|0 0 0 0 0|0
934|23/8/1980|69 34 44 71 79|297|0 0 0 0 0|0
935|30/8/1980|17 44 43 37 29|170|0 0 0 0 0|0
936|6/9/1980|28 37 58 30 42|195|0 0 0 0 0|0
937|13/9/1980|68 73 63 76 65|345|0 0 0 0 0|0
938|20/9/1980|38 68 11 80 60|257|0 0 0 0 0|0
939|27/9/1980|6 32 26 60 41|165|0 0 0 0 0|0
940|4/10/1980|34 85 75 27 87|308|0 0 0 0 0|0
941|11/10/1980|56 1 50 26 80|213|0 0 0 0 0|0
942|18/10/1980|71 29 89 16 68|273|0 0 0 0 0|0
943|25/10/1980|55 12 4 35 37|143|0 0 0 0 0|0
944|1/11/1980|59 45 34 86 30|254|0 0 0 0 0|0
945|8/11/1980|55 29 63 52 1|200|0 0 0 0 0|0
946|15/11/1980|8 47 52 34 2|143|0 0 0 0 0|0
947|22/11/1980|46 30 73 9 17|175|0 0 0 0 0|0
948|29/11/1980|55 87 4 48 51|245|0 0 0 0 0|0
949|6/12/1980|18 22 51 20 42|153|0 0 0 0 0|0
950|13/12/1980|48 51 69 72 29|269|0 0 0 0 0|0
951|20/12/1980|16 80 37 26 81|240|0 0 0 0 0|0
952|27/12/1980|56 88 17 75 35|271|0 0 0 0 0|0
1005|2/1/1982|66 33 83 52 8|242|0 0 0 0 0|0
1006|9/1/1982|80 65 22 69 27|263|0 0 0 0 0|0
1007|16/1/1982|65 74 23 27 12|201|0 0 0 0 0|0
1008|23/1/1982|64 48 51 45 57|265|0 0 0 0 0|0
1009|30/1/1982|50 79 76 53 86|344|0 0 0 0 0|0
1010|6/2/1982|30 85 63 49 57|284|0 0 0 0 0|0
1011|13/2/1982|45 17 75 50 41|228|0 0 0 0 0|0
1012|20/2/1982|61 3 74 68 40|246|0 0 0 0 0|0
1013|27/2/1982|16 58 57 18 38|187|0 0 0 0 0|0
1014|6/3/1982|70 53 2 52 11|188|0 0 0 0 0|0
1015|13/3/1982|5 46 74 71 12|208|0 0 0 0 0|0
1016|20/3/1982|82 33 84 57 54|310|0 0 0 0 0|0
1017|27/3/1982|3 5 14 32 61|115|0 0 0 0 0|0
1018|3/4/1982|49 36 15 51 29|180|0 0 0 0 0|0
1019|10/4/1982|26 82 41 47 66|262|0 0 0 0 0|0
1020|17/4/1982|61 1 39 6 18|125|0 0 0 0 0|0
1021|24/4/1982|77 43 16 32 80|248|0 0 0 0 0|0
1022|1/5/1982|19 57 40 72 70|258|0 0 0 0 0|0
1023|8/5/1982|45 9 30 65 15|164|0 0 0 0 0|0
1024|15/5/1982|6 87 57 83 3|236|0 0 0 0 0|0
1025|22/5/1982|2 88 51 69 70|280|0 0 0 0 0|0
1026|29/5/1982|30 37 42 7 90|206|0 0 0 0 0|0
1027|5/6/1982|77 75 39 13 71|275|0 0 0 0 0|0
1028|12/6/1982|83 86 62 68 35|334|0 0 0 0 0|0
1029|19/6/1982|24 87 62 18 21|212|0 0 0 0 0|0
1030|26/6/1982|52 38 82 17 20|209|0 0 0 0 0|0
1031|3/7/1982|71 65 52 48 50|286|0 0 0 0 0|0
1032|10/7/1982|41 15 54 47 11|168|0 0 0 0 0|0
1033|17/7/1982|60 36 2 23 68|189|0 0 0 0 0|0
1034|24/7/1982|81 50 70 14 44|259|0 0 0 0 0|0
1035|31/7/1982|67 79 9 6 21|182|0 0 0 0 0|0
1036|7/8/1982|38 79 8 4 58|187|0 0 0 0 0|0
1037|14/8/1982|38 89 72 13 36|248|0 0 0 0 0|0
1038|21/8/1982|64 47 68 90 10|279|0 0 0 0 0|0
1039|28/8/1982|83 15 47 55 32|232|0 0 0 0 0|0
1040|4/9/1982|23 26 21 42 85|197|0 0 0 0 0|0
1041|11/9/1982|67 77 69 15 20|248|0 0 0 0 0|0
1042|18/9/1982|13 21 74 52 8|168|0 0 0 0 0|0
1043|25/9/1982|65 71 55 87 1|279|0 0 0 0 0|0
1044|2/10/1982|44 18 71 83 5|221|0 0 0 0 0|0
1045|9/10/1982|36 62 81 16 61|256|0 0 0 0 0|0
1046|16/10/1982|38 3 41 73 46|201|0 0 0 0 0|0
1047|23/10/1982|1 11 64 3 39|118|0 0 0 0 0|0
1048|30/10/1982|81 89 27 14 88|299|0 0 0 0 0|0
1049|6/11/1982|80 38 62 84 4|268|0 0 0 0 0|0
1050|13/11/1982|53 50 48 49 44|244|0 0 0 0 0|0
1051|20/11/1982|2 57 14 80 7|160|0 0 0 0 0|0
1052|27/11/1982|1 64 3 9 69|146|0 0 0 0 0|0
1053|4/12/1982|61 85 76 65 30|317|0 0 0 0 0|0
1054|11/12/1982|76 34 43 56 32|241|0 0 0 0 0|0
1055|18/12/1982|30 77 36 78 10|231|0 0 0 0 0|0
1056|25/12/1982|77 43 37 59 7|223|0 0 0 0 0|0
2412|3/1/1982|35 87 39 67 42|270|17 90 69 43 13|0
2413|10/1/1982|20 79 72 35 28|234|70 9 81 5 83|0
2414|17/1/1982|6 53 75 41 7|182|22 32 24 36 57|0
2415|24/1/1982|58 71 77 8 55|269|63 47 45 68 54|0
2416|31/1/1982|78 73 10 17 22|200|46 68 74 70 19|0
2417|7/2/1982|35 87 67 79 88|356|38 74 50 29 54|0
2418|14/2/1982|12 67 88 56 51|274|39 54 66 83 63|0
2419|21/2/1982|80 14 83 69 10|256|71 53 12 22 42|0
2420|28/2/1982|81 51 2 88 31|253|24 53 25 35 1|0
2421|7/3/1982|27 2 74 37 6|146|43 36 19 69 46|0
2422|14/3/1982|5 39 73 43 64|224|90 51 55 16 61|0
2423|21/3/1982|51 23 87 45 69|275|89 8 6 81 40|0
2424|28/3/1982|77 33 34 3 7|154|52 22 84 20 39|0
2425|4/4/1982|29 11 2 8 65|115|6 23 61 16 19|0
2426|11/4/1982|42 54 1 25 5|127|65 34 16 7 46|0
2427|18/4/1982|56 10 32 33 44|175|43 23 60 76 69|0
2428|25/4/1982|7 55 61 26 10|159|68 90 16 83 23|0
2429|2/5/1982|41 35 89 5 44|214|34 8 42 33 76|0
2430|9/5/1982|61 46 14 13 44|178|80 41 83 4 49|0
2431|16/5/1982|56 88 67 8 61|280|35 60 79 34 45|0
2432|23/5/1982|57 7 84 51 8|207|38 39 13 30 85|0
2433|30/5/1982|54 42 66 31 74|267|81 88 24 70 50|0
2434|6/6/1982|47 87 54 20 49|257|18 64 25 9 14|0
2435|13/6/1982|56 11 55 51 38|211|45 25 23 78 52|0
2436|20/6/1982|36 20 37 27 76|196|1 7 44 50 87|0
2437|27/6/1982|60 47 63 8 15|193|32 34 4 68 85|0
2438|4/7/1982|90 8 83 9 62|252|27 61 48 18 46|0
2439|11/7/1982|85 49 76 86 29|325|67 83 3 63 56|0
2440|18/7/1982|13 78 47 72 6|216|40 3 41 44 10|0
2441|25/7/1982|62 38 88 54 46|288|9 44 42 2 28|0
2442|1/8/1982|72 59 82 64 48|325|42 55 31 58 1|0
2443|8/8/1982|63 88 7 89 85|332|71 48 52 54 86|0
2444|15/8/1982|45 9 40 21 67|182|62 48 54 52 49|0
2445|22/8/1982|3 31 44 5 43|126|72 45 50 76 10|0
2446|29/8/1982|83 39 34 59 17|232|38 68 51 65 5|0
2447|5/9/1982|44 48 3 24 26|145|69 90 88 53 19|0
2448|12/9/1982|7 52 67 24 45|195|18 64 80 78 79|0
2449|19/9/1982|14 43 83 58 75|273|18 89 4 28 26|0
2450|26/9/1982|24 47 38 35 72|216|7 1 66 40 43|0
2451|3/10/1982|9 40 75 24 11|159|8 78 14 76 65|0
2452|10/10/1982|9 1 72 46 39|167|62 41 33 71 53|0
2464|2/1/2009|8 67 23 49 51|198|0 0 0 0 0|0
2465|9/1/2009|90 76 61 32 27|286|0 0 0 0 0|0
2466|16/1/2009|41 13 40 1 31|126|0 0 0 0 0|0
2467|23/1/2009|14 40 15 73 49|191|0 0 0 0 0|0
2468|30/1/2009|35 51 20 57 44|207|0 0 0 0 0|0
2469|6/2/2009|35 12 87 88 4|226|0 0 0 0 0|0
2470|13/2/2009|3 14 47 5 27|96|0 0 0 0 0|0
2471|20/2/2009|21 16 58 64 10|169|0 0 0 0 0|0
2472|27/2/2009|9 69 8 6 28|120|0 0 0 0 0|0
2473|6/3/2009|54 48 45 49 61|257|0 0 0 0 0|0
2474|13/3/2009|35 81 42 55 23|236|0 0 0 0 0|0
2475|20/3/2009|69 29 62 72 32|264|0 0 0 0 0|0
2476|27/3/2009|11 25 38 89 57|220|0 0 0 0 0|0
2477|3/4/2009|7 41 5 37 83|173|0 0 0 0 0|0
2478|10/4/2009|83 18 20 60 88|269|0 0 0 0 0|0
2479|17/4/2009|45 1 81 53 7|187|0 0 0 0 0|0
2480|24/4/2009|70 63 6 31 46|216|0 0 0 0 0|0
2481|1/5/2009|64 7 76 53 2|202|0 0 0 0 0|0
2482|8/5/2009|58 76 36 69 65|304|0 0 0 0 0|0
2483|15/5/2009|26 28 15 36 31|136|0 0 0 0 0|0
2484|22/5/2009|40 22 73 37 53|225|0 0 0 0 0|0
2485|29/5/2009|60 67 78 43 9|257|0 0 0 0 0|0
2486|5/6/2009|86 76 77 74 3|316|0 0 0 0 0|0
2487|12/6/2009|62 44 57 46 53|262|0 0 0 0 0|0
2488|19/6/2009|40 62 85 22 43|252|0 0 0 0 0|0
2489|26/6/2009|32 68 69 76 28|273|0 0 0 0 0|0
2490|3/7/2009|82 49 28 76 64|299|0 0 0 0 0|0
2491|10/7/2009|86 67 2 88 27|270|0 0 0 0 0|0
2492|17/7/2009|19 38 23 79 66|225|0 0 0 0 0|0
2493|24/7/2009|70 62 14 4 78|228|0 0 0 0 0|0
2494|31/7/2009|12 22 50 44 57|185|0 0 0 0 0|0
2495|7/8/2009|47 45 58 88 82|320|0 0 0 0 0|0
2496|14/8/2009|32 2 7 80 16|137|0 0 0 0 0|0
2497|21/8/2009|4 1 16 3 62|86|0 0 0 0 0|0
2498|28/8/2009|51 10 40 71 34|206|0 0 0 0 0|0
2499|4/9/2009|66 47 10 35 52|210|0 0 0 0 0|0
2500|11/9/2009|26 85 44 38 30|223|0 0 0 0 0|0
2501|18/9/2009|65 36 75 30 19|225|0 0 0 0 0|0
2502|25/9/2009|2 69 19 83 90|263|0 0 0 0 0|0
2503|2/10/2009|53 23 16 87 89|268|0 0 0 0 0|0
2504|9/10/2009|15 69 20 24 18|146|0 0 0 0 0|0
2505|16/10/2009|90 16 89 67 22|284|0 0 0 0 0|0
2506|23/10/2009|59 7 80 71 85|302|0 0 0 0 0|0
2507|30/10/2009|40 88 1 36 89|254|0 0 0 0 0|0
2508|6/11/2009|14 55 47 23 43|182|0 0 0 0 0|0
2509|13/11/2009|29 63 23 12 89|216|0 0 0 0 0|0
2510|20/11/2009|87 29 70 66 61|313|0 0 0 0 0|0
2511|27/11/2009|86 13 72 60 3|234|0 0 0 0 0|0
2512|4/12/2009|5 71 65 2 19|162|0 0 0 0 0|0
2513|11/12/2009|62 42 7 88 66|265|0 0 0 0 0|0
2514|18/12/2009|55 69 81 49 12|266|0 0 0 0 0|0
2515|25/12/2009|68 31 63 87 36|285|0 0 0 0 0|0
2789|26/3/2010|45 12 18 65 77|217|16 40 67 70 39|0
2790|2/4/2010|61 5 79 78 7|230|20 16 36 69 8|0
2791|9/4/2010|47 38 22 25 78|210|31 43 80 41 87|0
2792|16/4/2010|86 56 35 6 62|245|61 25 54 16 36|0
2793|23/4/2010|70 60 13 17 84|244|82 35 18 30 62|0
2794|30/4/2010|32 68 52 18 10|180|63 13 57 87 80|0
2795|7/5/2010|7 54 57 52 10|180|55 85 32 20 30|0
2796|14/5/2010|73 41 18 76 33|241|62 59 16 65 52|0
2797|21/5/2010|39 78 12 40 14|183|3 28 86 25 8|0
2798|28/5/2010|75 55 2 41 85|258|6 87 47 34 62|0
2799|4/6/2010|57 73 85 84 71|370|39 18 34 3 90|0
2800|11/6/2010|51 26 60 66 8|211|35 65 34 5 80|0
2801|18/6/2010|15 61 38 6 46|166|66 21 25 89 4|0
2802|25/6/2010|25 17 19 72 63|196|22 11 35 37 13|0
2803|2/7/2010|61 88 15 32 35|231|60 84 87 21 20|0
2804|9/7/2010|45 60 26 64 50|245|68 19 22 74 66|0
2805|16/7/2010|62 39 26 63 21|211|43 85 75 73 69|0
2806|23/7/2010|65 81 79 89 1|315|86 80 42 5 36|0
2807|30/7/2010|1 32 19 45 89|186|38 71 77 86 21|0
2808|6/8/2010|17 3 13 54 89|176|62 70 68 37 21|0
2809|13/8/2010|88 50 65 46 35|284|33 29 24 9 71|0
2810|20/8/2010|50 57 40 26 15|188|55 42 45 17 67|0
2811|27/8/2010|70 57 34 20 59|240|5 21 90 72 10|0
2812|3/9/2010|28 55 83 82 24|272|43 44 88 81 62|0
2813|10/9/2010|63 33 71 81 37|285|40 62 26 2 89|0
2814|17/9/2010|21 15 51 53 65|205|79 82 17 24 6|0
2815|24/9/2010|57 10 79 73 65|284|33 84 25 80 90|0
2816|1/10/2010|69 79 71 89 13|321|12 16 20 67 61|0
2817|8/10/2010|36 45 49 4 24|158|41 71 83 7 62|0
2818|15/10/2010|23 53 21 29 35|161|32 27 44 18 68|0
2819|22/10/2010|67 34 83 29 6|219|60 45 57 70 23|0
2820|29/10/2010|2 17 35 47 76|177|62 48 32 34 21|0
2821|5/11/2010|77 27 46 61 36|247|34 75 8 9 28|0
2822|12/11/2010|71 14 62 32 40|219|20 51 72 11 9|0
2823|19/11/2010|37 79 12 38 63|229|80 5 35 69 14|0
2824|26/11/2010|30 1 65 36 62|194|40 58 88 78 69|0
2825|3/12/2010|68 36 13 74 38|229|70 64 23 75 71|0
2826|10/12/2010|25 57 24 84 74|264|30 81 34 37 43|0
2827|17/12/2010|60 66 15 6 5|152|37 1 2 4 71|0
2828|24/12/2010|50 25 17 33 53|178|14 60 88 65 66|0
2829|31/12/2010|12 86 17 39 25|179|34 23 46 54 30|0
2830|7/1/2017|17 61 51 84 42|255|67 7 58 78 12|0
2831|14/1/2017|26 66 79 41 34|246|47 16 36 88 27|0
2832|21/1/2017|54 19 33 85 63|254|66 2 76 23 25|0
2833|28/1/2017|33 71 42 15 14|175|69 37 50 89 19|0
2834|4/2/2017|17 19 18 60 76|190|43 70 79 38 46|0
2835|11/2/2017|41 79 69 26 31|246|90 34 75 55 64|0
2836|18/2/2017|46 47 88 8 83|272|39 35 12 64 80|0
2837|25/2/2017|17 64 36 56 52|225|86 55 40 51 33|0
2838|4/3/2017|54 66 1 48 79|248|33 43 90 16 13|0
2839|11/3/2017|12 55 31 51 64|213|50 45 60 30 28|0
2840|18/3/2017|71 48 66 80 10|275|73 68 53 39 50|0
2841|25/3/2017|41 62 30 66 22|221|11 65 39 80 8|0
2842|1/4/2017|42 13 87 56 46|244|11 3 27 24 47|0
2843|8/4/2017|57 50 24 5 62|198|32 55 79 36 29|0
2844|15/4/2017|53 54 63 48 5|223|57 61 13 33 39|0
2845|22/4/2017|68 2 52 18 83|223|76 74 31 44 48|0
2846|29/4/2017|13 33 57 37 34|174|90 89 59 50 35|0
2847|6/5/2017|42 1 76 75 36|230|16 33 46 30 7|0
2848|13/5/2017|42 29 51 13 22|157|3 58 82 39 23|0
2849|20/5/2017|46 54 63 59 90|312|41 72 30 17 60|0
2850|27/5/2017|35 6 54 24 11|130|51 85 4 77 53|0
2851|3/6/2017|13 18 32 9 58|130|16 65 22 7 78|0
2852|10/6/2017|33 22 54 39 8|156|67 58 4 43 75|0
2853|17/6/2017|49 44 8 55 66|222|4 39 72 75 82|0
2854|24/6/2017|30 43 61 7 74|215|73 27 42 32 48|0
2855|1/7/2017|85 41 34 2 36|198|80 68 43 74 38|0
2856|8/7/2017|44 45 65 55 30|239|2 84 37 1 86|0
2857|15/7/2017|5 10 19 4 18|56|76 40 38 65 84|0
2858|22/7/2017|81 53 33 69 6|242|37 40 4 15 68|0
2859|29/7/2017|77 7 2 8 16|110|68 47 72 66 50|0
2860|5/8/2017|66 83 31 49 82|311|38 9 5 56 33|0
2861|12/8/2017|89 82 60 20 54|305|84 30 38 28 51|0
2862|19/8/2017|68 86 8 64 45|271|43 4 13 78 29|0
2863|26/8/2017|34 42 3 65 79|223|49 10 62 66 13|0
2864|2/9/2017|10 38 26 4 72|150|16 76 66 68 62|0
2865|9/9/2017|79 20 51 1 62|213|10 86 11 75 54|0
2866|16/9/2017|90 19 43 3 28|183|32 6 42 7 23|0
2867|23/9/2017|78 57 70 40 16|261|84 23 89 8 58|0
2868|30/9/2017|78 27 88 58 67|318|63 54 4 36 13|0
2869|7/10/2017|25 37 45 54 18|179|56 29 38 32 84|0
2870|14/10/2017|64 37 6 61 1|169|90 89 35 25 29|0
2871|21/10/2017|30 64 45 67 78|284|61 44 60 15 89|0
2872|28/10/2017|73 9 76 71 52|281|14 72 18 67 15|0
2873|4/11/2017|1 47 29 56 46|179|84 54 66 25 36|0
2874|11/11/2017|58 22 26 52 20|178|83 7 65 6 49|0
2875|18/11/2017|79 90 5 51 4|229|88 76 41 81 67|0
2876|25/11/2017|53 73 80 37 70|313|77 15 10 90 81|0
2877|2/12/2017|36 44 32 84 65|261|57 34 28 61 4|0
2878|9/12/2017|77 66 49 69 58|319|46 14 38 41 76|0
2879|16/12/2017|58 1 53 77 37|226|30 20 79 13 18|0
2880|23/12/2017|21 44 64 85 26|240|68 32 24 81 36|0
2881|30/12/2017|76 31 65 84 19|275|24 4 59 34 29|0
2882|6/1/2018|88 9 50 39 29|215|69 6 22 36 25|0
2883|13/1/2018|10 5 85 61 78|239|38 68 24 52 33|0
2884|20/1/2018|23 35 9 36 73|176|18 12 83 41 16|0
2885|27/1/2018|56 26 39 28 55|204|14 48 9 52 50|0
2886|3/2/2018|24 63 54 32 53|226|66 45 20 13 60|0
2887|10/2/2018|82 19 71 39 38|249|22 79 9 47 13|0
2888|17/2/2018|78 5 84 17 74|258|13 23 71 39 88|0
2889|24/2/2018|76 64 75 83 33|331|86 62 40 52 68|0
2890|3/3/2018|87 90 20 53 10|260|18 63 38 8 39|0
2891|10/3/2018|30 16 58 61 24|189|13 29 15 43 57|0
2892|17/3/2018|53 14 88 38 11|204|75 57 26 4 68|0
2893|24/3/2018|36 25 33 7 51|152|26 41 3 60 68|0
2894|31/3/2018|15 52 49 16 2|134|75 26 57 50 12|0
2895|7/4/2018|10 53 48 5 86|202|2 68 1 21 23|0
2896|14/4/2018|5 20 18 83 73|199|39 21 15 58 44|0
2897|21/4/2018|30 71 53 56 89|299|26 31 2 37 42|0
2898|28/4/2018|50 90 54 58 34|286|83 51 8 47 77|0
2899|5/5/2018|20 6 64 51 40|181|15 48 56 3 54|0
2900|12/5/2018|45 38 58 49 70|260|84 76 88 54 40|0
2901|19/5/2018|9 79 21 85 33|227|59 46 68 69 17|0
2902|26/5/2018|60 77 39 7 78|261|67 87 25 26 84|0
2903|2/6/2018|56 32 40 8 7|143|73 89 34 80 76|0
2904|9/6/2018|67 22 17 78 24|208|57 87 8 3 5|0
2905|16/6/2018|82 41 49 17 6|195|15 83 77 69 76|0
2906|23/6/2018|75 7 63 80 77|302|66 50 36 74 5|0
2907|30/6/2018|41 8 11 77 44|181|14 22 53 37 30|0
2908|7/7/2018|87 64 15 4 19|189|22 63 52 78 35|0
2909|14/7/2018|56 30 47 68 34|235|78 40 58 79 67|0
2910|21/7/2018|74 56 46 13 88|277|4 14 57 63 38|0
2911|28/7/2018|26 3 28 45 71|173|5 25 20 8 9|0
2912|4/8/2018|76 46 74 26 64|286|52 44 11 59 62|0
2913|11/8/2018|64 90 89 14 63|320|54 35 10 42 25|0
2914|18/8/2018|52 46 4 88 30|220|27 5 47 56 9|0
2915|25/8/2018|77 39 63 71 33|283|3 46 27 1 82|0
2916|1/9/2018|25 20 49 43 9|146|70 67 48 6 90|0
2917|8/9/2018|19 56 15 87 12|189|69 14 54 30 41|0
2918|15/9/2018|16 68 14 21 29|148|6 44 2 85 10|0
2919|22/9/2018|76 42 86 68 89|361|3 80 11 38 60|0
2920|29/9/2018|39 20 66 6 76|207|37 13 90 23 51|0
2921|6/10/2018|87 61 13 39 2|202|55 1 75 26 63|0
2922|13/10/2018|32 48 40 89 36|245|55 54 47 73 72|0
2923|20/10/2018|33 69 49 61 76|288|65 26 79 57 29|0
2924|27/10/2018|73 78 43 5 37|236|45 50 86 69 26|0
2925|3/11/2018|18 90 3 74 60|245|10 13 29 20 47|0
2926|10/11/2018|9 57 69 84 30|249|39 86 11 33 43|0
2927|17/11/2018|17 84 62 82 11|256|29 63 14 47 28|0
2928|24/11/2018|66 21 20 48 30|185|38 57 69 25 10|0
2929|1/12/2018|58 73 19 22 9|181|35 3 74 46 90|0
2930|8/12/2018|8 61 86 40 16|211|20 71 68 49 67|0
2931|15/12/2018|81 83 49 67 51|331|55 66 20 41 68|0
2932|22/12/2018|85 36 58 76 26|281|82 51 83 52 63|0
2933|29/12/2018|69 24 7 19 68|187|29 40 27 44 53|0
2934|5/1/2019|37 51 20 3 29|140|21 52 11 87 54|0
2935|12/1/2019|17 12 73 46 33|181|9 81 44 74 89|0
2936|19/1/2019|49 37 10 54 55|205|46 61 12 75 8|0
2937|26/1/2019|55 51 58 69 50|283|88 44 72 40 27|0
2938|2/2/2019|61 83 47 65 67|323|73 46 26 36 76|0
2939|9/2/2019|41 65 72 12 29|219|48 34 17 69 78|0
2940|16/2/2019|28 54 16 65 13|176|21 71 24 45 86|0
2941|23/2/2019|67 78 30 71 17|263|24 66 5 52 80|0
2942|2/3/2019|59 18 55 58 74|264|82 35 21 57 30|0
2943|9/3/2019|29 61 35 45 80|250|34 3 39 81 74|0
2944|16/3/2019|22 89 80 59 8|258|58 20 15 84 71|0
2945|23/3/2019|23 89 7 40 74|233|55 28 58 27 25|0
2946|30/3/2019|36 75 26 35 85|257|54 38 29 7 48|0
2947|6/4/2019|26 46 5 49 33|159|74 88 67 43 12|0
2948|13/4/2019|81 80 8 6 62|237|69 47 32 48 61|0
2949|20/4/2019|90 41 21 40 14|206|33 2 67 72 36|0
2950|27/4/2019|6 56 64 16 7|149|62 41 73 49 35|0
2951|4/5/2019|72 60 63 79 80|354|56 73 34 66 83|0
2952|11/5/2019|48 64 7 73 74|266|75 69 82 8 84|0
2953|18/5/2019|75 47 86 5 78|291|66 44 63 64 10|0
2954|25/5/2019|33 58 21 1 75|188|78 57 23 71 42|0
2955|1/6/2019|29 21 72 38 65|225|25 15 32 45 10|0
2956|8/6/2019|34 14 60 30 7|145|12 77 50 86 67|0
2957|15/6/2019|87 43 36 73 55|294|44 77 74 40 21|0
2958|22/6/2019|22 63 41 18 32|176|45 40 7 17 35|0
2959|29/6/2019|63 60 47 2 70|242|39 48 86 4 38|0
2960|6/7/2019|31 3 79 45 23|181|25 81 55 9 33|0
2961|13/7/2019|58 55 78 57 15|263|10 8 38 40 66|0
2962|20/7/2019|28 54 84 80 61|307|88 89 50 20 25|0
2963|27/7/2019|33 89 30 54 39|245|55 44 6 57 25|0
2964|3/8/2019|12 80 1 21 70|184|66 45 10 23 61|0
2965|10/8/2019|39 86 58 70 35|288|60 10 38 62 14|0
2966|17/8/2019|87 66 23 40 75|291|19 69 90 60 52|0
2967|24/8/2019|24 30 18 55 44|171|70 81 3 56 1|0
2968|31/8/2019|29 28 67 90 52|266|19 54 32 55 47|0
2969|7/9/2019|46 84 69 24 38|261|16 61 9 7 26|0
2970|14/9/2019|51 60 41 33 73|258|3 40 90 52 83|0
2971|21/9/2019|5 90 61 62 45|263|18 84 83 60 34|0
2972|28/9/2019|48 25 58 34 42|207|40 38 47 23 71|0
2973|5/10/2019|90 34 85 78 50|337|23 75 5 63 7|0
2974|12/10/2019|9 18 58 27 85|197|75 21 25 50 4|0
2975|19/10/2019|12 46 7 45 1|111|3 38 72 73 59|0
2976|26/10/2019|63 6 35 27 84|215|76 83 22 36 88|0
2977|2/11/2019|43 20 67 46 4|180|52 61 34 35 36|0
2978|9/11/2019|58 76 19 87 29|269|67 8 31 22 89|0
2979|16/11/2019|83 29 53 77 24|266|14 57 69 17 34|0
2980|23/11/2019|10 61 53 34 8|166|57 70 25 50 63|0
2981|30/11/2019|25 57 79 67 5|233|11 57 51 41 1|0
2982|7/12/2019|84 69 1 62 82|298|5 88 50 68 12|0
2983|14/12/2019|27 15 50 41 22|155|62 27 18 56 8|0
2984|21/12/2019|89 81 61 14 8|253|47 82 2 45 16|0
2985|28/12/2019|81 5 34 58 19|197|74 83 46 86 15|0
2986|4/1/2020|84 50 67 73 19|293|1 11 3 32 30|0
2987|11/1/2020|82 8 33 81 58|262|78 37 31 63 38|0
2988|18/1/2020|73 49 2 4 83|211|53 59 70 50 67|0
2989|25/1/2020|86 35 79 18 8|226|71 28 5 54 38|0
2990|1/2/2020|49 52 43 63 14|221|73 12 56 65 57|0
2991|8/2/2020|28 33 25 49 84|219|64 82 5 53 45|0
2992|15/2/2020|69 73 72 5 63|282|86 80 90 47 9|0
2993|22/2/2020|13 23 21 88 49|194|62 69 70 35 89|0
2994|29/2/2020|15 30 62 7 33|147|14 89 49 73 17|0
2995|7/3/2020|53 50 82 40 18|243|75 58 52 8 81|0
2996|14/3/2020|44 48 9 72 20|193|89 50 43 87 40|0
2997|21/3/2020|10 55 40 3 72|180|87 8 59 23 24|0
2998|28/3/2020|87 37 32 5 50|211|88 42 36 10 34|0
2999|11/4/2020|16 59 77 76 14|242|19 51 84 33 57|0
3000|18/4/2020|77 80 61 58 62|338|48 89 82 46 5|0
3001|25/4/2020|60 42 1 90 58|251|44 68 88 11 19|0
3002|2/5/2020|71 59 37 77 40|284|69 7 15 76 6|0
3003|9/5/2020|41 50 89 30 55|265|27 48 62 37 80|0
3004|16/5/2020|77 87 19 37 47|267|54 73 79 4 42|0
3005|23/5/2020|14 58 63 9 2|146|11 7 89 69 42|0
3006|30/5/2020|56 78 7 47 27|215|54 61 66 26 50|0
3007|6/6/2020|53 85 41 40 77|296|20 49 29 50 87|0
3008|13/6/2020|5 28 27 2 78|140|62 85 77 45 56|0
3009|20/6/2020|52 84 37 44 33|250|41 25 82 24 42|0
3010|27/6/2020|84 63 51 20 89|307|78 60 44 7 73|0
3011|4/7/2020|52 17 82 39 34|224|36 13 58 24 7|0
3012|11/7/2020|37 46 70 2 3|158|61 50 7 40 36|0
3013|18/7/2020|22 63 6 37 64|192|55 34 72 90 7|0
3014|25/7/2020|55 25 22 40 85|227|28 32 74 26 44|0
3015|1/8/2020|42 19 84 69 61|275|49 39 5 48 7|0
3016|8/8/2020|63 74 53 77 10|277|22 50 38 54 16|0
3017|15/8/2020|27 11 35 66 38|177|50 52 34 83 7|0
3018|22/8/2020|51 12 65 47 5|180|49 39 17 36 45|0
3019|29/8/2020|49 19 16 32 59|175|58 31 62 26 70|0
3020|5/9/2020|45 16 44 27 26|158|66 84 62 40 78|0
3021|12/9/2020|80 50 52 19 87|288|77 73 12 55 26|0
3022|19/9/2020|40 75 19 35 11|180|66 54 55 50 60|0
3023|26/9/2020|65 77 24 43 80|289|38 30 16 29 14|0
3024|3/10/2020|49 10 69 13 8|149|21 54 45 1 55|0
3025|10/10/2020|60 82 71 55 80|348|37 15 86 4 54|0
3026|17/10/2020|54 52 30 82 20|238|1 21 22 41 68|0
3027|24/10/2020|4 21 46 35 26|132|54 56 50 32 39|0
3028|31/10/2020|14 90 76 56 70|306|78 27 23 7 53|0
3029|7/11/2020|46 73 72 69 45|305|84 34 36 53 55|0
3030|14/11/2020|32 7 23 70 13|145|54 57 83 55 33|0
3031|21/11/2020|77 90 43 16 88|314|12 89 9 37 31|0
3032|28/11/2020|2 36 50 39 88|215|57 34 35 16 55|0
3033|5/12/2020|69 66 72 58 72|50|3 40 12 39 44|0
3034|12/12/2020|46 24 70 33 88|261|48 53 56 55 54|0
3035|19/12/2020|25 61 47 53 24|210|80 54 32 55 34|0
3036|26/12/2020|65 90 88 3 63|309|44 21 80 40 34|0
3037|2/1/2021|16 59 65 34 41|215|51 38 87 42 18|0
3038|9/1/2021|35 42 15 77 69|238|14 72 9 70 40|0
3039|16/1/2021|64 1 14 43 36|158|20 87 8 25 2|0
3040|23/1/2021|20 66 45 11 31|173|50 55 16 32 54|0
3041|30/1/2021|78 73 8 18 49|226|33 80 34 37 11|0
3042|6/2/2021|45 68 24 72 32|241|46 26 2 76 36|0
3043|13/2/2021|19 64 23 73 81|260|32 55 18 85 4|0
3044|20/2/2021|61 35 53 42 17|208|54 55 58 41 50|0
3045|27/2/2021|26 16 84 44 42|212|36 6 25 38 89|0
3046|6/3/2021|49 72 36 18 62|237|90 78 50 60 40|0
3047|13/3/2021|50 3 41 1 14|109|33 53 48 47 16|0
3048|20/3/2021|83 46 19 71 11|230|70 49 39 79 88|0
3049|27/3/2021|3 42 54 41 58|198|36 76 45 8 11|0
3050|3/4/2021|24 84 80 6 29|223|62 58 35 26 5|0
3051|10/4/2021|68 35 67 74 47|291|39 48 65 13 33|0
3052|17/4/2021|50 42 55 30 74|251|22 32 27 46 13|0
3053|24/4/2021|8 75 87 52 59|281|37 57 29 40 25|0
3054|1/5/2021|32 17 23 41 33|146|78 83 3 53 9|0
3055|8/5/2021|12 51 58 78 13|212|46 87 73 12 71|0
3056|15/5/2021|63 85 74 56 1|279|16 45 15 14 10|0
3057|22/5/2021|22 25 88 14 35|184|29 34 44 78 56|0
3058|29/5/2021|25 62 45 3 49|184|84 31 82 80 26|0
3059|5/6/2021|3 80 59 43 19|204|35 26 40 23 77|0
3060|12/6/2021|59 89 45 90 64|347|86 68 4 83 75|0
3061|19/6/2021|76 29 63 41 6|215|8 65 51 85 52|0
3062|26/6/2021|29 59 33 72 62|255|56 44 54 38 13|0
3063|3/7/2021|47 24 59 82 6|218|31 75 65 55 43|0
3064|10/7/2021|2 67 14 74 87|244|37 12 62 59 25|0
3065|17/7/2021|40 55 13 90 65|263|6 71 59 74 46|0
3066|24/7/2021|86 14 60 2 72|234|16 45 44 33 65|0
3067|31/7/2021|10 5 11 49 32|107|45 81 48 79 12|0
3068|7/8/2021|39 58 54 81 38|270|11 48 37 33 84|0
3069|14/8/2021|74 62 15 31 10|192|7 8 67 85 71|0
3070|21/8/2021|75 21 42 50 12|200|73 84 45 22 34|0
3071|28/8/2021|77 83 23 3 19|205|1 71 16 27 37|0
3072|4/9/2021|33 1 44 43 70|191|58 89 46 50 36|0
3073|11/9/2021|27 74 51 43 82|277|13 46 48 24 36|0
3074|18/9/2021|11 5 70 13 61|160|59 22 9 68 49|0
3075|25/9/2021|63 25 4 67 61|220|66 70 18 48 6|0
3076|2/10/2021|37 26 53 54 1|171|12 48 68 58 73|0
3077|9/10/2021|35 14 85 70 53|257|82 16 7 55 64|0
3078|16/10/2021|5 36 85 60 76|262|8 4 48 47 68|0
3079|23/11/2021|6 65 76 81 48|276|58 10 7 61 79|0
3080|30/10/2021|28 42 69 17 24|180|11 3 9 59 8|0
3081|6/11/2021|80 36 87 61 35|299|65 74 51 20 13|0
3082|13/11/2021|62 73 55 76 51|317|9 30 20 10 34|0
3083|20/11/2021|62 34 38 30 44|208|59 8 67 26 79|0
3084|27/11/2021|59 8 51 40 23|181|73 21 29 88 32|0
3085|4/12/2021|38 31 59 34 67|229|25 22 49 46 82|0
3086|11/12/2021|31 82 42 88 62|305|37 63 80 33 36|0
3087|18/12/2021|41 61 24 9 55|190|31 47 14 80 17|0
3088|24/12/2021|30 44 76 63 78|291|46 34 42 22 25|0
3089|31/12/2021|85 81 55 23 22|266|10 3 24 27 66|0
3090|8/1/2022|89 60 30 21 44|244|25 6 67 55 49|0
3091|15/1/2022|19 32 31 9 44|135|72 23 74 78 63|0
3092|22/1/2022|79 34 15 11 52|191|53 42 37 30 2|0
3093|29/1/2022|84 63 58 89 51|345|2 62 35 12 29|0
3094|5/2/2022|13 20 82 43 7|165|26 65 44 23 17|0
3095|12/2/2022|6 60 82 87 79|314|16 52 90 38 36|0
3096|19/2/2022|58 70 27 71 39|265|51 29 80 33 19|0
3097|26/2/2022|17 75 58 53 40|243|46 70 15 20 63|0
3098|5/3/2022|90 61 80 72 84|387|16 11 2 23 10|0
3099|12/3/2022|25 28 84 32 66|235|54 47 80 11 43|0
3100|19/3/2022|61 46 57 76 27|267|10 2 45 43 30|0
3101|26/3/2022|20 48 58 1 38|165|35 62 54 90 7|0
3102|2/4/2022|37 42 18 5 17|119|69 14 84 58 70|0
3103|9/4/2022|71 36 5 38 7|157|8 76 68 87 4|0
3104|16/4/2022|51 55 43 38 80|267|32 49 37 11 22|0
3105|23/4/2022|86 87 3 34 79|289|69 63 70 44 31|0
3106|30/4/2022|75 59 70 2 54|260|18 56 57 43 71|0
3107|7/5/2022|50 49 7 26 1|133|22 66 56 62 18|0
3108|14/5/2022|87 1 9 18 8|123|57 80 21 11 89|0
3109|21/5/2022|21 46 12 28 76|183|54 84 7 63 40|0
3110|28/5/2022|6 10 59 11 55|141|70 74 46 90 5|0
3111|4/6/2022|86 28 85 2 56|257|71 6 8 35 47|0
3112|11/6/2022|56 75 50 64 18|263|29 72 38 26 88|0
3113|18/6/2022|55 31 54 57 69|266|81 90 10 82 21|0
3114|25/6/2022|79 13 29 35 52|208|62 49 64 19 85|0
3115|2/7/2022|34 67 73 27 39|240|80 1 32 62 26|0
3116|9/7/2022|69 15 41 26 16|167|62 77 11 46 89|0
3117|16/7/2022|87 59 88 11 79|324|43 14 89 83 9|0
3118|23/7/2022|16 48 5 64 65|198|54 20 45 60 3|0
3119|30/7/2022|67 74 33 11 41|226|68 79 85 13 73|0
3120|6/8/2022|60 14 12 1 74|161|8 58 2 79 17|0
3121|13/8/2022|3 82 72 66 35|258|6 13 4 59 64|0
3122|20/8/2022|27 75 87 74 83|346|86 62 69 57 85|0
3123|27/8/2022|81 37 44 55 9|226|72 27 11 75 34|0
3124|3/9/2022|22 44 37 33 25|161|51 74 69 36 85|0
3125|10/9/2022|55 62 28 33 86|264|68 76 50 10 44|0
3126|17/9/2022|40 79 59 9 44|231|11 55 23 7 51|0
3127|24/9/2022|76 62 41 14 81|274|15 72 77 64 88|0
3128|1/10/2022|82 54 21 12 67|236|16 78 80 75 36|0
3129|8/10/2022|86 60 41 5 50|242|38 13 25 75 84|0
3130|15/10/2022|36 66 53 47 13|215|23 89 12 78 1|0
3131|22/10/2022|75 47 87 9 14|232|2 28 7 71 42|0
3132|29/10/2022|58 39 3 76 69|245|16 88 24 15 21|0
3133|5/11/2022|16 69 35 68 39|227|63 73 46 59 24|0
3134|12/11/2022|63 5 43 77 64|252|67 34 19 65 86|0
3135|19/11/2022|14 78 34 60 10|196|75 76 62 18 33|0
3136|26/11/2022|87 78 16 13 76|270|59 69 3 89 74|0
3137|3/12/2022|60 61 38 69 75|303|68 14 10 47 77|0
3138|10/12/2022|86 74 15 89 78|342|67 70 44 79 81|0
3139|17/12/2022|5 11 28 21 34|99|72 12 42 61 25|0
3140|24/12/2022|12 22 61 21 30|146|50 54 69 17 37|0
3141|31/12/2022|61 7 66 79 76|289|82 72 9 12 40|0
3142|7/1/2023|85 51 89 42 54|321|7 41 36 29 61|0
3143|14/1/2023|4 11 81 42 54|192|8 9 60 47 13|0
3144|21/1/2023|72 38 12 35 85|242|33 6 22 45 84|0
3145|28/1/2023|80 84 50 18 83|315|11 44 26 81 87|0
3146|4/2/2023|73 20 37 49 27|206|74 29 59 33 38|0
3147|11/2/2023|57 22 81 31 53|244|19 58 41 14 24|0
3148|18/2/2023|18 60 43 38 64|223|8 33 61 48 22|0
3149|25/2/2023|51 64 25 6 3|149|50 61 77 60 17|0
3150|4/3/2023|20 47 65 21 87|240|18 35 68 52 42|0
3151|11/3/2023|82 88 70 62 5|307|73 86 41 49 3|0
3152|18/3/2023|26 4 23 65 67|185|81 73 54 43 30|0
3153|25/3/2023|79 73 60 58 5|275|21 90 83 36 67|0
3154|1/4/2023|86 65 27 29 18|225|12 33 83 62 73|0
3155|8/4/2023|6 58 61 41 8|174|24 52 78 9 75|0
3156|15/4/2023|42 14 63 41 71|231|85 77 54 8 11|0
3157|22/4/2023|72 34 4 7 53|170|12 66 18 45 57|0
3158|29/4/2023|7 75 29 84 82|277|19 83 11 80 89|0
3159|6/5/2023|53 8 56 85 67|269|45 81 75 52 32|0
3160|13/5/2023|26 78 51 12 85|252|49 9 8 90 25|0
3161|20/5/2023|66 31 29 57 70|253|17 40 65 85 10|0
3162|27/5/2023|12 45 80 20 77|234|26 32 54 56 68|0
3163|3/6/2023|9 8 82 13 77|189|62 42 50 30 74|0
3164|10/6/2023|89 24 6 2 42|163|87 34 64 58 16|0
3165|17/6/2023|2 32 21 79 48|182|52 55 7 60 77|0
3166|24/6/2023|20 10 86 19 58|193|52 32 13 62 69|0
3167|1/7/2023|42 44 36 51 81|254|46 65 34 26 41|0
3168|8/7/2023|61 70 9 19 54|213|53 62 35 2 73|0
3169|15/7/2023|10 33 43 35 58|179|25 68 75 5 9|0
3170|22/7/2023|23 75 7 88 25|218|73 63 84 89 87|0
3171|29/7/2023|50 88 72 43 3|256|48 51 18 55 37|0
3172|5/8/2023|73 58 72 18 35|256|64 76 13 37 23|0
3173|12/8/2023|59 15 79 83 85|321|73 81 47 82 53|0
3174|19/8/2023|17 58 53 79 54|261|66 42 63 59 62|0
3175|26/8/2023|61 43 50 48 57|259|2 62 39 59 31|0
3176|2/9/2023|8 38 85 90 77|298|67 56 71 9 52|0
3177|9/9/2023|22 54 31 11 40|158|58 21 63 37 15|0
3178|16/9/2023|46 70 56 40 69|281|88 90 65 87 34|0
3179|23/9/2023|89 88 47 9 1|234|76 67 45 46 68|0
3180|30/9/2023|29 89 34 26 36|214|72 45 41 47 68|0
3181|7/10/2023|72 28 18 20 11|149|17 76 51 53 68|0
3182|14/10/2023|46 86 43 22 39|236|58 74 56 45 18|0
3183|21/10/2023|59 54 32 12 23|180|43 3 67 39 47|0
3184|28/10/2023|46 79 36 76 14|251|10 65 33 41 40|0
3185|4/11/2023|1 36 21 45 53|156|12 38 62 49 40|0
3186|11/11/2023|25 50 75 71 37|258|28 62 78 80 82|0
3187|18/11/2023|82 77 16 33 20|228|10 24 88 34 37|0
3188|25/11/2023|47 46 29 73 41|236|84 66 59 18 71|0
3189|2/12/2023|19 18 63 79 77|256|89 31 56 25 16|0
3190|9/12/2023|14 9 77 70 24|194|61 36 34 84 39|0
3191|16/12/2023|39 64 7 53 3|166|49 55 31 87 69|0
3192|23/12/2023|36 69 61 17 57|240|66 2 50 42 40|0
3193|30/12/2023|83 64 8 15 27|197|79 76 43 30 85|0
3194|6/1/2024|58 88 86 76 69|377|71 85 26 61 3|0
3195|13/1/2024|13 57 15 67 61|213|65 18 69 46 55|0
3196|20/1/2024|61 68 6 87 14|236|23 50 1 81 85|0
3197|27/1/2024|29 41 25 45 60|200|90 9 64 33 57|0
3198|3/2/2024|17 73 43 71 25|229|14 47 44 45 75|0
3199|10/2/2024|22 16 54 24 10|126|12 53 67 57 4|0
3200|17/2/2024|87 24 2 48 16|177|67 55 49 68 69|0
3201|24/2/2024|66 24 81 3 51|225|82 47 90 35 46|0
3202|2/3/2024|42 19 67 48 6|182|8 69 90 66 63|0
3203|9/3/2024|54 59 63 28 20|224|56 71 44 41 66|0
3204|16/3/2024|17 82 65 6 85|255|0 0 0 0 0|0
3205|23/3/2024|46 1 84 73 40|244|0 0 0 0 0|0
3206|30/3/2024|20 68 69 24 82|263|6 52 35 37 90|0
3207|6/4/2024|81 19 29 3 22|154|80 67 62 61 28|0
3208|13/4/2024|24 45 37 26 18|150|13 71 73 50 43|0
3209|20/4/2024|57 8 40 76 17|198|70 49 36 33 30|0
3210|27/4/2024|79 29 56 81 24|269|41 28 11 10 82|0
3211|4/5/2024|84 87 35 86 58|350|0 0 0 0 0|0
3212|11/5/2024|74 43 6 44 20|187|55 47 11 42 29|0
3213|18/5/2024|77 5 45 82 27|236|33 10 48 44 16|0
3214|25/5/2024|72 51 43 40 26|232|31 67 62 13 64|0
3215|1/6/2024|45 38 8 90 12|193|42 83 24 29 9|0
3216|8/6/2024|10 1 9 77 75|172|13 46 90 18 72|0
3217|15/6/2024|45 86 63 4 34|232|71 33 53 20 89|0
3218|22/6/2024|72 60 3 85 25|245|41 14 42 88 86|0
3219|29/6/2024|27 42 78 83 89|319|46 84 14 58 54|0
3220|6/7/2024|13 33 46 22 90|204|68 7 64 35 77|0
3221|13/7/2024|77 19 70 57 13|236|53 2 43 51 12|0
3222|20/7/2024|73 61 38 63 25|260|14 43 10 55 84|0
3223|27/7/2024|33 77 49 71 30|260|66 67 19 34 52|0
3224|3/8/2024|79 35 16 49 26|205|42 2 25 80 8|0
3225|10/8/2024|79 19 58 16 9|181|44 59 51 61 48|0
3226|17/8/2024|51 7 30 63 82|233|48 8 61 88 57|0
3227|24/8/2024|38 5 63 19 34|159|47 72 66 62 4|0
3228|31/8/2024|17 23 22 64 10|136|66 12 29 82 49|0
3229|7/9/2024|31 52 20 85 12|200|47 32 38 2 18|0
3230|14/9/2024|59 47 53 48 6|213|23 33 85 54 37|0
3231|21/9/2024|9 80 1 60 48|198|52 15 57 37 88|0
3232|28/9/2024|78 39 15 34 9|175|66 77 47 88 41|0
3233|5/10/2024|15 52 17 89 67|240|78 25 59 21 83|0
3234|12/10/2024|77 46 68 32 7|230|5 37 89 10 36|0
3235|19/10/2024|31 87 50 62 36|266|18 68 82 48 42|0
3236|26/10/2024|67 14 15 3 57|156|83 85 69 71 52|0
3237|2/11/2024|46 85 87 35 55|308|84 12 40 27 10|0
3238|9/11/2024|20 18 14 41 66|159|2 28 47 70 1|0
3239|16/11/2024|33 25 74 61 44|237|50 87 10 84 69|0
3240|23/11/2024|74 79 43 17 83|296|7 21 53 40 56|0
3241|30/11/2024|17 37 49 78 35|216|56 45 10 39 63|0
3242|7/12/2024|89 42 31 77 24|263|32 68 69 56 48|0
3243|14/12/2024|89 3 49 39 50|230|60 66 71 42 7|0
3244|21/12/2024|73 18 44 23 37|195|85 89 68 17 72|0
3245|28/12/2024|27 43 62 73 77|282|15 33 1 82 69|0
3246|4/1/2025|75 30 55 64 23|247|0 0 0 0 0|0
3247|11/1/2025|1 87 63 32 23|206|65 77 34 90 73|0
3248|18/1/2025|85 45 69 75 61|335|0 0 0 0 0|0
3249|25/1/2025|18 81 69 60 5|233|64 84 24 50 22|0
3250|1/2/2025|68 63 21 36 12|200|70 38 57 49 34|0
3251|8/2/2025|22 90 85 26 79|302|74 63 80 64 4|0
3252|15/2/2025|78 5 19 28 43|173|51 38 40 35 41|0
3253|22/2/2025|8 40 18 16 27|109|59 1 48 23 86|0
3254|1/3/2025|1 18 55 61 34|169|80 26 82 75 35|0
3255|8/3/2025|76 25 83 47 63|294|52 40 6 90 14|0
3256|15/3/2025|9 29 28 7 67|140|49 26 18 43 68|0
3257|22/3/2025|26 28 23 75 85|237|77 69 31 72 48|0
3258|29/3/2025|14 37 5 90 65|211|3 83 59 79 66|0
3259|5/4/2025|16 56 39 44 50|205|47 71 84 26 43|0
3260|12/4/2025|85 81 49 61 47|323|44 27 65 78 2|0
3261|19/4/2025|44 27 48 85 90|294|88 89 66 9 67|0
3262|26/4/2025|50 14 18 57 67|206|44 60 62 29 63|0
3263|3/5/2025|24 35 49 27 33|168|63 43 90 47 48|0
3264|10/5/2025|58 53 57 41 46|255|43 66 23 63 34|0
3265|17/5/2025|2 56 20 23 19|120|68 52 79 76 40|0
3266|24/5/2025|74 69 14 47 18|222|24 5 35 72 63|0
3267|31/5/2025|8 20 52 42 43|165|88 57 53 73 85|0
3268|7/6/2025|60 72 15 38 53|238|3 87 2 86 61|0
3269|14/6/2025|61 1 51 69 30|212|39 19 82 3 60|0
3270|21/6/2025|57 9 41 1 48|156|79 62 24 33 34|0
3271|28/6/2025|65 10 27 37 86|225|64 89 21 8 39|0
3272|5/7/2025|11 60 43 28 6|148|66 3 90 48 26|0
3273|12/7/2025|85 81 70 64 62|362|10 5 61 48 2|0
3274|19/7/2025|59 14 80 31 67|251|0 0 0 0 0|0
3275|26/7/2025|53 88 56 10 43|250|51 21 84 66 3|0
3276|2/8/2025|16 32 60 73 23|204|35 83 53 6 86|0
3277|9/8/2025|8 57 63 58 87|273|2 40 80 70 72|0
3278|16/8/2025|8 14 72 21 15|130|70 69 74 71 32|0
3279|23/8/2025|6 2 3 73 47|131|39 70 64 27 58|0
3280|30/8/2025|61 17 65 54 59|256|33 4 83 45 26|0
3281|6/9/2025|89 58 45 31 19|242|81 54 2 57 35|0
3282|13/9/2025|47 57 79 17 34|234|16 51 81 9 56|0
3283|20/9/2025|15 36 41 25 7|124|22 10 4 66 79|0
3284|27/9/2025|38 34 63 43 86|264|67 49 16 48 47|0
3285|4/10/2025|79 69 28 48 33|257|77 52 67 45 9|0
3286|11/10/2025|53 29 67 61 19|229|25 64 33 56 7|0
3287|18/10/2025|34 56 87 90 35|302|1 73 53 55 54|0
3288|25/10/2025|24 16 29 69 14|152|0 0 0 0 0|0
3289|1/11/2025|29 12 4 42 20|107|54 64 32 52 45|0
3290|8/11/2025|17 42 11 75 89|234|64 35 15 8 71|0
3291|15/11/2025|65 33 9 73 32|212|16 85 40 1 50|0
3292|22/11/2025|66 4 61 42 86|259|17 18 30 38 68|0
3293|29/11/2025|67 60 56 55 58|296|66 11 84 40 30|0
3294|6/12/2025|48 43 76 34 30|231|3 20 10 13 22|0
3295|13/12/2025|7 64 65 83 19|238|44 66 3 89 5|0
3296|20/12/2025|57 61 80 72 83|353|0 0 0 0 0|0
3297|27/12/2025|12 3 65 4 29|113|33 69 85 68 90|0
3298|3/1/2026|10 38 37 25 27|137|89 29 3 63 20|0
3299|10/1/2026|74 44 58 16 42|234|70 57 40 43 19|0
3300|17/1/2026|42 81 27 37 23|210|67 89 68 30 39|0
3301|24/1/2026|44 78 52 57 7|238|71 9 77 3 33|0
3302|31/1/2026|6 39 71 48 70|234|46 25 19 3 84|0
3303|7/2/2026|47 55 31 25 48|206|17 70 46 53 67|0
3304|14/2/2026|13 16 15 11 71|126|32 48 34 53 89|0
3305|21/2/2026|5 14 29 56 51|155|82 53 80 6 70|0
3306|28/2/2026|90 73 53 84 77|377|11 34 86 1 65|0
3307|7/3/2026|50 9 34 33 25|151|57 88 51 47 39|0
3308|14/3/2026|1 42 12 20 64|139|46 44 38 50 47|0
3309|21/3/2026|9 75 8 86 24|202|70 29 22 83 45|0
3310|28/3/2026|32 66 17 47 24|186|77 46 48 82 50|0
3311|4/4/2026|82 16 44 50 47|239|63 2 56 23 59|0
3312|11/4/2026|13 67 71 72 63|286|39 43 17 47 10|0
3313|18/4/2026|71 72 60 41 79|323|48 40 73 64 58|0
3314|25/4/2026|39 1 30 80 48|198|89 74 10 50 49|0
3315|2/5/2026|84 10 43 5 13|155|21 85 70 15 75|0
3316|9/5/2026|80 74 56 10 3|223|66 32 34 77 35|0
3317|16/5/2026|21 84 2 62 83|252|59 27 43 35 75|0
3318|23/5/2026|86 24 14 19 40|183|48 76 73 81 20|0
3319|30/5/2026|81 64 15 74 88|322|23 24 61 77 51|0
3320|6/6/2026|27 77 16 82 51|253|79 66 3 71 45|0
3321|13/6/2026|37 22 61 74 69|263|90 57 46 44 11|0
3322|20/6/2026|21 41 80 66 81|289|87 39 61 52 69|0
3323|27/6/2026|39 29 8 23 22|121|71 53 74 78 44|0
3324|4/7/2026|28 82 6 64 5|185|15 87 69 76 29|0
